1
503
1 0 0 0 0 3 12 3 0 0 2 0 0 0 0
1 0 0 0 0 3 12 6 0 0 2 0 0 0 0
1 0 0 0 0 6 0 0 0 0 2 0 0 0 0
1 1 0 0 0 3 12 3 0 0 2 1 0 1 0
1 1 0 0 0 3 12 6 0 0 2 1 0 1 0
1 1 0 0 0 6 0 0 0 0 2 1 0 1 0
1 2 0 0 0 3 12 3 0 0 2 2 0 2 0
1 2 0 0 0 3 12 6 0 0 2 2 1 3 0
1 3 0 0 0 3 12 3 0 0 2 3 0 4 0
1 3 0 0 0 3 12 6 0 0 2 3 0 4 0
1 3 0 0 0 6 0 0 0 0 2 3 1 5 0
1 4 0 0 0 3 12 6 0 0 2 4 0 6 0
1 5 0 0 0 3 2 44 0 0 2 5 0 7 0
1 6 0 0 0 3 2 44 0 0 2 6 0 8 0
1 6 0 0 0 3 2 45 0 0 2 6 1 9 0
1 7 0 0 0 3 6 0 0 0 2 7 1 11 0
1 7 0 0 0 3 12 2 0 0 2 7 0 10 0
1 8 0 0 0 3 1 14 0 0 2 8 0 12 0
1 8 0 0 0 3 2 44 0 0 2 8 1 13 0
1 8 0 0 0 3 2 45 0 0 2 8 1 13 0
1 9 0 0 0 3 12 2 0 0 2 9 0 14 0
1 10 0 0 0 3 2 38 0 0 2 10 0 15 0
1 11 0 0 0 3 2 37 0 0 2 11 1 17 0
1 11 0 0 0 3 2 38 0 0 2 11 0 16 0
1 11 0 0 0 3 2 44 0 0 2 11 1 17 0
1 11 0 0 0 3 2 45 0 0 2 11 1 17 0
1 12 0 0 0 3 2 36 0 0 2 12 1 19 0
1 12 0 0 0 3 12 11 0 0 2 12 0 18 0
1 13 0 0 0 3 2 44 0 0 2 13 0 20 0
1 14 0 0 0 3 2 37 0 0 2 14 1 22 0
1 14 0 0 0 3 2 44 0 0 2 14 0 21 0
1 15 0 0 0 3 12 6 0 0 2 15 0 23 0
1 16 0 0 0 3 6 0 0 0 2 16 1 25 0
1 16 0 0 0 3 12 2 0 0 2 16 0 24 0
1 17 0 0 0 3 2 34 0 0 2 17 1 27 0
1 17 0 0 0 3 2 45 0 0 2 17 0 26 0
1 17 0 0 0 3 12 10 0 0 2 17 1 27 0
1 18 0 0 0 3 2 34 0 0 2 18 3 31 0
1 18 0 0 0 3 2 36 0 0 2 18 2 30 0
1 18 0 0 0 3 2 45 0 0 2 18 2 30 0
1 18 0 0 0 3 3 0 0 0 2 18 2 30 0
1 18 0 0 0 3 4 0 0 0 2 18 2 30 0
1 18 0 0 0 3 6 0 0 0 2 18 2 30 0
1 18 0 0 0 3 7 1 0 0 2 18 1 29 0
1 18 0 0 0 3 7 3 0 0 2 18 1 29 0
1 18 0 0 0 3 7 9 0 0 2 18 1 29 0
1 18 0 0 0 3 11 11 0 0 2 18 2 30 0
1 18 0 0 0 3 11 13 0 0 2 18 2 30 0
1 18 0 0 0 3 11 14 0 0 2 18 2 30 0
1 18 0 0 0 3 12 1 0 0 2 18 2 30 0
1 18 0 0 0 3 12 2 0 0 2 18 2 30 0
1 18 0 0 0 3 12 6 0 0 2 18 0 28 0
1 18 0 0 0 3 12 10 0 0 2 18 3 31 0
1 19 0 0 0 3 2 36 0 0 2 19 0 32 0
1 19 0 0 0 3 2 45 0 0 2 19 1 33 0
1 19 0 0 0 3 3 0 0 0 2 19 0 32 0
1 19 0 0 0 3 4 0 0 0 2 19 0 32 0
1 19 0 0 0 3 6 0 0 0 2 19 0 32 0
1 19 0 0 0 3 11 11 0 0 2 19 0 32 0
1 19 0 0 0 3 11 13 0 0 2 19 0 32 0
1 19 0 0 0 3 11 14 0 0 2 19 0 32 0
1 19 0 0 0 3 12 1 0 0 2 19 0 32 0
1 19 0 0 0 3 12 2 0 0 2 19 0 32 0
1 20 0 0 0 3 2 34 0 0 2 20 0 34 0
1 20 0 0 0 3 2 36 0 0 2 20 0 34 0
1 20 0 0 0 3 2 45 0 0 2 20 0 34 0
1 20 0 0 0 3 3 0 0 0 2 20 0 34 0
1 20 0 0 0 3 4 0 0 0 2 20 0 34 0
1 20 0 0 0 3 6 0 0 0 2 20 0 34 0
1 20 0 0 0 3 7 1 0 0 2 20 0 34 0
1 20 0 0 0 3 7 3 0 0 2 20 0 34 0
1 20 0 0 0 3 7 9 0 0 2 20 0 34 0
1 20 0 0 0 3 11 11 0 0 2 20 0 34 0
1 20 0 0 0 3 11 13 0 0 2 20 0 34 0
1 20 0 0 0 3 11 14 0 0 2 20 0 34 0
1 20 0 0 0 3 12 1 0 0 2 20 0 34 0
1 20 0 0 0 3 12 2 0 0 2 20 0 34 0
1 20 0 0 0 3 12 6 0 0 2 20 0 34 0
1 20 0 0 0 3 12 10 0 0 2 20 0 34 0
1 21 0 0 0 3 7 1 0 0 2 21 2 37 0
1 21 0 0 0 3 7 3 0 0 2 21 1 36 0
1 21 0 0 0 3 7 9 0 0 2 21 0 35 0
1 22 0 0 0 3 2 34 0 0 2 22 1 39 0
1 22 0 0 0 3 2 35 0 0 2 22 1 39 0
1 22 0 0 0 3 2 36 0 0 2 22 1 39 0
1 22 0 0 0 3 2 45 0 0 2 22 1 39 0
1 22 0 0 0 3 3 0 0 0 2 22 1 39 0
1 22 0 0 0 3 4 0 0 0 2 22 1 39 0
1 22 0 0 0 3 6 0 0 0 2 22 1 39 0
1 22 0 0 0 3 7 1 0 0 2 22 1 39 0
1 22 0 0 0 3 7 3 0 0 2 22 1 39 0
1 22 0 0 0 3 7 4 0 0 2 22 0 38 0
1 22 0 0 0 3 7 9 0 0 2 22 1 39 0
1 22 0 0 0 3 11 11 0 0 2 22 1 39 0
1 22 0 0 0 3 11 13 0 0 2 22 1 39 0
1 22 0 0 0 3 11 14 0 0 2 22 1 39 0
1 22 0 0 0 3 12 1 0 0 2 22 1 39 0
1 22 0 0 0 3 12 2 0 0 2 22 1 39 0
1 22 0 0 0 3 12 6 0 0 2 22 1 39 0
1 22 0 0 0 3 12 10 0 0 2 22 1 39 0
1 23 0 0 0 3 2 36 0 0 2 23 1 41 0
1 23 0 0 0 3 2 45 0 0 2 23 1 41 0
1 23 0 0 0 3 3 0 0 0 2 23 1 41 0
1 23 0 0 0 3 4 0 0 0 2 23 1 41 0
1 23 0 0 0 3 6 0 0 0 2 23 1 41 0
1 23 0 0 0 3 11 11 0 0 2 23 1 41 0
1 23 0 0 0 3 11 13 0 0 2 23 1 41 0
1 23 0 0 0 3 11 14 0 0 2 23 1 41 0
1 23 0 0 0 3 12 1 0 0 2 23 1 41 0
1 23 0 0 0 3 12 2 0 0 2 23 1 41 0
1 23 0 0 0 3 12 6 0 0 2 23 0 40 0
1 24 0 0 0 3 2 36 0 0 2 24 0 42 0
1 24 0 0 0 3 2 45 0 0 2 24 1 43 0
1 24 0 0 0 3 3 0 0 0 2 24 0 42 0
1 24 0 0 0 3 4 0 0 0 2 24 0 42 0
1 24 0 0 0 3 6 0 0 0 2 24 0 42 0
1 24 0 0 0 3 11 11 0 0 2 24 0 42 0
1 24 0 0 0 3 11 13 0 0 2 24 0 42 0
1 24 0 0 0 3 11 14 0 0 2 24 0 42 0
1 24 0 0 0 3 12 1 0 0 2 24 0 42 0
1 24 0 0 0 3 12 2 0 0 2 24 0 42 0
1 25 0 0 0 3 2 36 0 0 2 25 0 44 0
1 25 0 0 0 3 2 37 0 0 2 25 1 45 0
1 25 0 0 0 3 3 0 0 0 2 25 0 44 0
1 25 0 0 0 3 4 0 0 0 2 25 0 44 0
1 25 0 0 0 3 6 0 0 0 2 25 0 44 0
1 25 0 0 0 3 11 11 0 0 2 25 0 44 0
1 25 0 0 0 3 11 13 0 0 2 25 0 44 0
1 25 0 0 0 3 11 14 0 0 2 25 0 44 0
1 25 0 0 0 3 12 1 0 0 2 25 0 44 0
1 25 0 0 0 3 12 2 0 0 2 25 0 44 0
1 26 0 0 0 3 2 34 0 0 2 26 1 47 0
1 26 0 0 0 3 12 10 0 0 2 26 0 46 0
1 27 0 0 0 3 2 34 0 0 2 27 0 48 0
1 27 0 0 0 3 2 36 0 0 2 27 0 48 0
1 27 0 0 0 3 2 45 0 0 2 27 0 48 0
1 27 0 0 0 3 3 0 0 0 2 27 0 48 0
1 27 0 0 0 3 4 0 0 0 2 27 0 48 0
1 27 0 0 0 3 6 0 0 0 2 27 0 48 0
1 27 0 0 0 3 7 1 0 0 2 27 0 48 0
1 27 0 0 0 3 7 3 0 0 2 27 0 48 0
1 27 0 0 0 3 7 9 0 0 2 27 0 48 0
1 27 0 0 0 3 11 11 0 0 2 27 0 48 0
1 27 0 0 0 3 11 13 0 0 2 27 0 48 0
1 27 0 0 0 3 11 14 0 0 2 27 0 48 0
1 27 0 0 0 3 12 1 0 0 2 27 0 48 0
1 27 0 0 0 3 12 2 0 0 2 27 0 48 0
1 27 0 0 0 3 12 6 0 0 2 27 0 48 0
1 27 0 0 0 3 12 10 0 0 2 27 0 48 0
1 28 0 0 0 3 2 34 0 0 2 28 0 49 0
1 28 0 0 0 3 2 35 0 0 2 28 1 50 0
1 28 0 0 0 3 2 36 0 0 2 28 0 49 0
1 28 0 0 0 3 2 45 0 0 2 28 0 49 0
1 28 0 0 0 3 3 0 0 0 2 28 0 49 0
1 28 0 0 0 3 4 0 0 0 2 28 0 49 0
1 28 0 0 0 3 6 0 0 0 2 28 0 49 0
1 28 0 0 0 3 7 1 0 0 2 28 0 49 0
1 28 0 0 0 3 7 3 0 0 2 28 0 49 0
1 28 0 0 0 3 7 9 0 0 2 28 0 49 0
1 28 0 0 0 3 11 11 0 0 2 28 0 49 0
1 28 0 0 0 3 11 13 0 0 2 28 0 49 0
1 28 0 0 0 3 11 14 0 0 2 28 0 49 0
1 28 0 0 0 3 12 1 0 0 2 28 0 49 0
1 28 0 0 0 3 12 2 0 0 2 28 0 49 0
1 28 0 0 0 3 12 6 0 0 2 28 0 49 0
1 28 0 0 0 3 12 10 0 0 2 28 0 49 0
1 29 0 0 0 3 2 36 0 0 2 29 0 51 0
1 29 0 0 0 3 3 0 0 0 2 29 0 51 0
1 29 0 0 0 3 4 0 0 0 2 29 0 51 0
1 29 0 0 0 3 6 0 0 0 2 29 0 51 0
1 29 0 0 0 3 11 11 0 0 2 29 0 51 0
1 29 0 0 0 3 11 13 0 0 2 29 0 51 0
1 29 0 0 0 3 11 14 0 0 2 29 0 51 0
1 29 0 0 0 3 12 1 0 0 2 29 0 51 0
1 29 0 0 0 3 12 2 0 0 2 29 0 51 0
1 30 0 0 0 3 2 36 0 0 2 30 0 52 0
1 30 0 0 0 3 3 0 0 0 2 30 0 52 0
1 30 0 0 0 3 4 0 0 0 2 30 0 52 0
1 30 0 0 0 3 6 0 0 0 2 30 0 52 0
1 30 0 0 0 3 11 11 0 0 2 30 0 52 0
1 30 0 0 0 3 11 13 0 0 2 30 0 52 0
1 30 0 0 0 3 11 14 0 0 2 30 0 52 0
1 30 0 0 0 3 12 1 0 0 2 30 0 52 0
1 30 0 0 0 3 12 2 0 0 2 30 0 52 0
1 31 0 0 0 3 2 37 0 0 2 31 1 54 0
1 31 0 0 0 3 2 39 0 0 2 31 1 54 0
1 31 0 0 0 3 2 44 0 0 2 31 1 54 0
1 31 0 0 0 3 2 45 0 0 2 31 1 54 0
1 31 0 0 0 3 2 46 0 0 2 31 1 54 0
1 31 0 0 0 3 11 1 0 0 2 31 0 53 0
1 32 0 0 0 3 2 36 0 0 2 32 0 55 0
1 32 0 0 0 3 3 0 0 0 2 32 0 55 0
1 32 0 0 0 3 4 0 0 0 2 32 0 55 0
1 32 0 0 0 3 6 0 0 0 2 32 0 55 0
1 32 0 0 0 3 11 11 0 0 2 32 0 55 0
1 32 0 0 0 3 11 13 0 0 2 32 0 55 0
1 32 0 0 0 3 11 14 0 0 2 32 0 55 0
1 32 0 0 0 3 12 1 0 0 2 32 0 55 0
1 32 0 0 0 3 12 2 0 0 2 32 0 55 0
1 33 0 0 0 3 2 37 0 0 2 33 1 57 0
1 33 0 0 0 3 2 39 0 0 2 33 1 57 0
1 33 0 0 0 3 2 44 0 0 2 33 1 57 0
1 33 0 0 0 3 2 45 0 0 2 33 1 57 0
1 33 0 0 0 3 2 46 0 0 2 33 1 57 0
1 33 0 0 0 3 11 1 0 0 2 33 1 57 0
1 33 0 0 0 3 11 2 0 0 2 33 0 56 0
1 34 0 0 0 3 2 36 0 0 2 34 0 58 0
1 34 0 0 0 3 3 0 0 0 2 34 0 58 0
1 34 0 0 0 3 4 0 0 0 2 34 0 58 0
1 34 0 0 0 3 6 0 0 0 2 34 0 58 0
1 34 0 0 0 3 11 11 0 0 2 34 0 58 0
1 34 0 0 0 3 11 13 0 0 2 34 0 58 0
1 34 0 0 0 3 11 14 0 0 2 34 0 58 0
1 34 0 0 0 3 12 1 0 0 2 34 0 58 0
1 34 0 0 0 3 12 2 0 0 2 34 0 58 0
1 35 0 0 0 3 11 3 0 0 2 35 0 59 0
1 36 0 0 0 3 2 37 0 0 2 36 1 61 0
1 36 0 0 0 3 2 39 0 0 2 36 1 61 0
1 36 0 0 0 3 2 44 0 0 2 36 1 61 0
1 36 0 0 0 3 2 45 0 0 2 36 1 61 0
1 36 0 0 0 3 2 46 0 0 2 36 1 61 0
1 36 0 0 0 3 11 1 0 0 2 36 1 61 0
1 36 0 0 0 3 11 2 0 0 2 36 1 61 0
1 36 0 0 0 3 11 3 0 0 2 36 0 60 0
1 37 0 0 0 3 2 36 0 0 2 37 0 62 0
1 37 0 0 0 3 3 0 0 0 2 37 0 62 0
1 37 0 0 0 3 4 0 0 0 2 37 0 62 0
1 37 0 0 0 3 6 0 0 0 2 37 0 62 0
1 37 0 0 0 3 11 11 0 0 2 37 0 62 0
1 37 0 0 0 3 11 13 0 0 2 37 0 62 0
1 37 0 0 0 3 11 14 0 0 2 37 0 62 0
1 37 0 0 0 3 12 1 0 0 2 37 0 62 0
1 37 0 0 0 3 12 2 0 0 2 37 0 62 0
1 38 0 0 0 3 11 4 0 0 2 38 0 63 0
1 39 0 0 0 3 2 37 0 0 2 39 1 65 0
1 39 0 0 0 3 2 39 0 0 2 39 1 65 0
1 39 0 0 0 3 2 44 0 0 2 39 1 65 0
1 39 0 0 0 3 2 45 0 0 2 39 1 65 0
1 39 0 0 0 3 2 46 0 0 2 39 1 65 0
1 39 0 0 0 3 11 1 0 0 2 39 1 65 0
1 39 0 0 0 3 11 2 0 0 2 39 1 65 0
1 39 0 0 0 3 11 3 0 0 2 39 1 65 0
1 39 0 0 0 3 11 4 0 0 2 39 0 64 0
1 40 0 0 0 3 2 36 0 0 2 40 0 66 0
1 40 0 0 0 3 3 0 0 0 2 40 0 66 0
1 40 0 0 0 3 4 0 0 0 2 40 0 66 0
1 40 0 0 0 3 6 0 0 0 2 40 0 66 0
1 40 0 0 0 3 11 11 0 0 2 40 0 66 0
1 40 0 0 0 3 11 13 0 0 2 40 0 66 0
1 40 0 0 0 3 11 14 0 0 2 40 0 66 0
1 40 0 0 0 3 12 1 0 0 2 40 0 66 0
1 40 0 0 0 3 12 2 0 0 2 40 0 66 0
1 41 0 0 0 3 11 5 0 0 2 41 0 67 0
1 42 0 0 0 3 2 37 0 0 2 42 1 69 0
1 42 0 0 0 3 2 39 0 0 2 42 1 69 0
1 42 0 0 0 3 2 44 0 0 2 42 1 69 0
1 42 0 0 0 3 2 45 0 0 2 42 1 69 0
1 42 0 0 0 3 2 46 0 0 2 42 1 69 0
1 42 0 0 0 3 11 1 0 0 2 42 1 69 0
1 42 0 0 0 3 11 2 0 0 2 42 1 69 0
1 42 0 0 0 3 11 3 0 0 2 42 1 69 0
1 42 0 0 0 3 11 4 0 0 2 42 1 69 0
1 42 0 0 0 3 11 5 0 0 2 42 0 68 0
1 43 0 0 0 3 2 36 0 0 2 43 0 70 0
1 43 0 0 0 3 3 0 0 0 2 43 0 70 0
1 43 0 0 0 3 4 0 0 0 2 43 0 70 0
1 43 0 0 0 3 6 0 0 0 2 43 0 70 0
1 43 0 0 0 3 11 11 0 0 2 43 0 70 0
1 43 0 0 0 3 11 13 0 0 2 43 0 70 0
1 43 0 0 0 3 11 14 0 0 2 43 0 70 0
1 43 0 0 0 3 12 1 0 0 2 43 0 70 0
1 43 0 0 0 3 12 2 0 0 2 43 0 70 0
1 44 0 0 0 3 11 6 0 0 2 44 0 71 0
1 45 0 0 0 3 2 37 0 0 2 45 1 73 0
1 45 0 0 0 3 2 39 0 0 2 45 1 73 0
1 45 0 0 0 3 2 44 0 0 2 45 1 73 0
1 45 0 0 0 3 2 45 0 0 2 45 1 73 0
1 45 0 0 0 3 2 46 0 0 2 45 1 73 0
1 45 0 0 0 3 11 1 0 0 2 45 1 73 0
1 45 0 0 0 3 11 2 0 0 2 45 1 73 0
1 45 0 0 0 3 11 3 0 0 2 45 1 73 0
1 45 0 0 0 3 11 4 0 0 2 45 1 73 0
1 45 0 0 0 3 11 5 0 0 2 45 1 73 0
1 45 0 0 0 3 11 6 0 0 2 45 0 72 0
1 46 0 0 0 3 2 36 0 0 2 46 0 74 0
1 46 0 0 0 3 3 0 0 0 2 46 0 74 0
1 46 0 0 0 3 4 0 0 0 2 46 0 74 0
1 46 0 0 0 3 6 0 0 0 2 46 0 74 0
1 46 0 0 0 3 11 11 0 0 2 46 0 74 0
1 46 0 0 0 3 11 13 0 0 2 46 0 74 0
1 46 0 0 0 3 11 14 0 0 2 46 0 74 0
1 46 0 0 0 3 12 1 0 0 2 46 0 74 0
1 46 0 0 0 3 12 2 0 0 2 46 0 74 0
1 47 0 0 0 3 11 7 0 0 2 47 0 75 0
1 48 0 0 0 3 2 37 0 0 2 48 1 77 0
1 48 0 0 0 3 2 39 0 0 2 48 1 77 0
1 48 0 0 0 3 2 44 0 0 2 48 1 77 0
1 48 0 0 0 3 2 45 0 0 2 48 1 77 0
1 48 0 0 0 3 2 46 0 0 2 48 1 77 0
1 48 0 0 0 3 11 1 0 0 2 48 1 77 0
1 48 0 0 0 3 11 2 0 0 2 48 1 77 0
1 48 0 0 0 3 11 3 0 0 2 48 1 77 0
1 48 0 0 0 3 11 4 0 0 2 48 1 77 0
1 48 0 0 0 3 11 5 0 0 2 48 1 77 0
1 48 0 0 0 3 11 6 0 0 2 48 1 77 0
1 48 0 0 0 3 11 7 0 0 2 48 0 76 0
1 49 0 0 0 3 2 36 0 0 2 49 0 78 0
1 49 0 0 0 3 3 0 0 0 2 49 0 78 0
1 49 0 0 0 3 4 0 0 0 2 49 0 78 0
1 49 0 0 0 3 6 0 0 0 2 49 0 78 0
1 49 0 0 0 3 11 11 0 0 2 49 0 78 0
1 49 0 0 0 3 11 13 0 0 2 49 0 78 0
1 49 0 0 0 3 11 14 0 0 2 49 0 78 0
1 49 0 0 0 3 12 1 0 0 2 49 0 78 0
1 49 0 0 0 3 12 2 0 0 2 49 0 78 0
1 50 0 0 0 3 11 8 0 0 2 50 0 79 0
1 51 0 0 0 3 2 37 0 0 2 51 1 81 0
1 51 0 0 0 3 2 39 0 0 2 51 1 81 0
1 51 0 0 0 3 2 44 0 0 2 51 1 81 0
1 51 0 0 0 3 2 45 0 0 2 51 1 81 0
1 51 0 0 0 3 2 46 0 0 2 51 1 81 0
1 51 0 0 0 3 11 1 0 0 2 51 1 81 0
1 51 0 0 0 3 11 2 0 0 2 51 1 81 0
1 51 0 0 0 3 11 3 0 0 2 51 1 81 0
1 51 0 0 0 3 11 4 0 0 2 51 1 81 0
1 51 0 0 0 3 11 5 0 0 2 51 1 81 0
1 51 0 0 0 3 11 6 0 0 2 51 1 81 0
1 51 0 0 0 3 11 7 0 0 2 51 1 81 0
1 51 0 0 0 3 11 8 0 0 2 51 0 80 0
1 52 0 0 0 3 2 36 0 0 2 52 0 82 0
1 52 0 0 0 3 3 0 0 0 2 52 0 82 0
1 52 0 0 0 3 4 0 0 0 2 52 0 82 0
1 52 0 0 0 3 6 0 0 0 2 52 0 82 0
1 52 0 0 0 3 11 11 0 0 2 52 0 82 0
1 52 0 0 0 3 11 13 0 0 2 52 0 82 0
1 52 0 0 0 3 11 14 0 0 2 52 0 82 0
1 52 0 0 0 3 12 1 0 0 2 52 0 82 0
1 52 0 0 0 3 12 2 0 0 2 52 0 82 0
1 53 0 0 0 3 11 9 0 0 2 53 0 83 0
1 54 0 0 0 3 2 37 0 0 2 54 1 85 0
1 54 0 0 0 3 2 39 0 0 2 54 1 85 0
1 54 0 0 0 3 2 44 0 0 2 54 1 85 0
1 54 0 0 0 3 2 45 0 0 2 54 1 85 0
1 54 0 0 0 3 2 46 0 0 2 54 1 85 0
1 54 0 0 0 3 11 1 0 0 2 54 1 85 0
1 54 0 0 0 3 11 2 0 0 2 54 1 85 0
1 54 0 0 0 3 11 3 0 0 2 54 1 85 0
1 54 0 0 0 3 11 4 0 0 2 54 1 85 0
1 54 0 0 0 3 11 5 0 0 2 54 1 85 0
1 54 0 0 0 3 11 6 0 0 2 54 1 85 0
1 54 0 0 0 3 11 7 0 0 2 54 1 85 0
1 54 0 0 0 3 11 8 0 0 2 54 1 85 0
1 54 0 0 0 3 11 9 0 0 2 54 0 84 0
1 55 0 0 0 3 2 36 0 0 2 55 0 86 0
1 55 0 0 0 3 3 0 0 0 2 55 0 86 0
1 55 0 0 0 3 4 0 0 0 2 55 0 86 0
1 55 0 0 0 3 6 0 0 0 2 55 0 86 0
1 55 0 0 0 3 11 11 0 0 2 55 0 86 0
1 55 0 0 0 3 11 13 0 0 2 55 0 86 0
1 55 0 0 0 3 11 14 0 0 2 55 0 86 0
1 55 0 0 0 3 12 1 0 0 2 55 0 86 0
1 55 0 0 0 3 12 2 0 0 2 55 0 86 0
1 56 0 0 0 3 11 10 0 0 2 56 0 87 0
1 57 0 0 0 3 2 37 0 0 2 57 1 89 0
1 57 0 0 0 3 2 39 0 0 2 57 1 89 0
1 57 0 0 0 3 2 44 0 0 2 57 1 89 0
1 57 0 0 0 3 2 45 0 0 2 57 1 89 0
1 57 0 0 0 3 2 46 0 0 2 57 1 89 0
1 57 0 0 0 3 11 1 0 0 2 57 1 89 0
1 57 0 0 0 3 11 2 0 0 2 57 1 89 0
1 57 0 0 0 3 11 3 0 0 2 57 1 89 0
1 57 0 0 0 3 11 4 0 0 2 57 1 89 0
1 57 0 0 0 3 11 5 0 0 2 57 1 89 0
1 57 0 0 0 3 11 6 0 0 2 57 1 89 0
1 57 0 0 0 3 11 7 0 0 2 57 1 89 0
1 57 0 0 0 3 11 8 0 0 2 57 1 89 0
1 57 0 0 0 3 11 9 0 0 2 57 1 89 0
1 57 0 0 0 3 11 10 0 0 2 57 0 88 0
1 58 0 0 0 3 2 36 0 0 2 58 0 90 0
1 58 0 0 0 3 3 0 0 0 2 58 0 90 0
1 58 0 0 0 3 4 0 0 0 2 58 0 90 0
1 58 0 0 0 3 6 0 0 0 2 58 0 90 0
1 58 0 0 0 3 11 11 0 0 2 58 0 90 0
1 58 0 0 0 3 11 13 0 0 2 58 0 90 0
1 58 0 0 0 3 11 14 0 0 2 58 0 90 0
1 58 0 0 0 3 12 1 0 0 2 58 0 90 0
1 58 0 0 0 3 12 2 0 0 2 58 0 90 0
1 59 0 0 0 3 11 11 0 0 2 59 0 91 0
1 60 0 0 0 3 2 37 0 0 2 60 1 93 0
1 60 0 0 0 3 2 39 0 0 2 60 1 93 0
1 60 0 0 0 3 2 44 0 0 2 60 1 93 0
1 60 0 0 0 3 2 45 0 0 2 60 1 93 0
1 60 0 0 0 3 2 46 0 0 2 60 1 93 0
1 60 0 0 0 3 11 1 0 0 2 60 1 93 0
1 60 0 0 0 3 11 2 0 0 2 60 1 93 0
1 60 0 0 0 3 11 3 0 0 2 60 1 93 0
1 60 0 0 0 3 11 4 0 0 2 60 1 93 0
1 60 0 0 0 3 11 5 0 0 2 60 1 93 0
1 60 0 0 0 3 11 6 0 0 2 60 1 93 0
1 60 0 0 0 3 11 7 0 0 2 60 1 93 0
1 60 0 0 0 3 11 8 0 0 2 60 1 93 0
1 60 0 0 0 3 11 9 0 0 2 60 1 93 0
1 60 0 0 0 3 11 10 0 0 2 60 1 93 0
1 60 0 0 0 3 11 11 0 0 2 60 0 92 0
1 61 0 0 0 3 2 36 0 0 2 61 0 94 0
1 61 0 0 0 3 3 0 0 0 2 61 0 94 0
1 61 0 0 0 3 4 0 0 0 2 61 0 94 0
1 61 0 0 0 3 6 0 0 0 2 61 0 94 0
1 61 0 0 0 3 11 11 0 0 2 61 0 94 0
1 61 0 0 0 3 11 13 0 0 2 61 0 94 0
1 61 0 0 0 3 11 14 0 0 2 61 0 94 0
1 61 0 0 0 3 12 1 0 0 2 61 0 94 0
1 61 0 0 0 3 12 2 0 0 2 61 0 94 0
1 62 0 0 0 3 11 12 0 0 2 62 0 95 0
1 63 0 0 0 3 2 37 0 0 2 63 1 97 0
1 63 0 0 0 3 2 39 0 0 2 63 1 97 0
1 63 0 0 0 3 2 44 0 0 2 63 1 97 0
1 63 0 0 0 3 2 45 0 0 2 63 1 97 0
1 63 0 0 0 3 2 46 0 0 2 63 1 97 0
1 63 0 0 0 3 11 1 0 0 2 63 1 97 0
1 63 0 0 0 3 11 2 0 0 2 63 1 97 0
1 63 0 0 0 3 11 3 0 0 2 63 1 97 0
1 63 0 0 0 3 11 4 0 0 2 63 1 97 0
1 63 0 0 0 3 11 5 0 0 2 63 1 97 0
1 63 0 0 0 3 11 6 0 0 2 63 1 97 0
1 63 0 0 0 3 11 7 0 0 2 63 1 97 0
1 63 0 0 0 3 11 8 0 0 2 63 1 97 0
1 63 0 0 0 3 11 9 0 0 2 63 1 97 0
1 63 0 0 0 3 11 10 0 0 2 63 1 97 0
1 63 0 0 0 3 11 11 0 0 2 63 1 97 0
1 63 0 0 0 3 11 12 0 0 2 63 0 96 0
1 64 0 0 0 3 2 36 0 0 2 64 3 101 0
1 64 0 0 0 3 3 0 0 0 2 64 3 101 0
1 64 0 0 0 3 4 0 0 0 2 64 3 101 0
1 64 0 0 0 3 6 0 0 0 2 64 3 101 0
1 64 0 0 0 3 11 11 0 0 2 64 1 99 0
1 64 0 0 0 3 11 13 0 0 2 64 0 98 0
1 64 0 0 0 3 11 14 0 0 2 64 2 100 0
1 64 0 0 0 3 12 1 0 0 2 64 3 101 0
1 64 0 0 0 3 12 2 0 0 2 64 3 101 0
1 65 0 0 0 3 2 36 0 0 2 65 2 104 0
1 65 0 0 0 3 3 0 0 0 2 65 2 104 0
1 65 0 0 0 3 4 0 0 0 2 65 2 104 0
1 65 0 0 0 3 6 0 0 0 2 65 2 104 0
1 65 0 0 0 3 12 1 0 0 2 65 1 103 0
1 65 0 0 0 3 12 2 0 0 2 65 0 102 0
1 66 0 0 0 3 2 38 0 0 2 66 0 105 0
1 67 0 0 0 3 2 37 0 0 2 67 1 107 0
1 67 0 0 0 3 2 38 0 0 2 67 0 106 0
1 67 0 0 0 3 2 39 0 0 2 67 1 107 0
1 67 0 0 0 3 2 44 0 0 2 67 1 107 0
1 67 0 0 0 3 2 45 0 0 2 67 1 107 0
1 67 0 0 0 3 2 46 0 0 2 67 1 107 0
1 67 0 0 0 3 11 1 0 0 2 67 1 107 0
1 67 0 0 0 3 11 2 0 0 2 67 1 107 0
1 67 0 0 0 3 11 3 0 0 2 67 1 107 0
1 67 0 0 0 3 11 4 0 0 2 67 1 107 0
1 67 0 0 0 3 11 5 0 0 2 67 1 107 0
1 67 0 0 0 3 11 6 0 0 2 67 1 107 0
1 67 0 0 0 3 11 7 0 0 2 67 1 107 0
1 67 0 0 0 3 11 8 0 0 2 67 1 107 0
1 67 0 0 0 3 11 9 0 0 2 67 1 107 0
1 67 0 0 0 3 11 10 0 0 2 67 1 107 0
1 67 0 0 0 3 11 11 0 0 2 67 1 107 0
1 67 0 0 0 3 11 12 0 0 2 67 1 107 0
1 67 0 0 0 3 11 14 0 0 2 67 1 107 0
1 68 0 0 0 3 2 36 0 0 2 68 1 109 0
1 68 0 0 0 3 12 11 0 0 2 68 0 108 0
1 69 0 0 0 3 2 37 0 0 2 69 1 111 0
1 69 0 0 0 3 2 39 0 0 2 69 1 111 0
1 69 0 0 0 3 2 44 0 0 2 69 1 111 0
1 69 0 0 0 3 2 45 0 0 2 69 1 111 0
1 69 0 0 0 3 2 46 0 0 2 69 1 111 0
1 69 0 0 0 3 11 1 0 0 2 69 1 111 0
1 69 0 0 0 3 11 2 0 0 2 69 1 111 0
1 69 0 0 0 3 11 3 0 0 2 69 1 111 0
1 69 0 0 0 3 11 4 0 0 2 69 1 111 0
1 69 0 0 0 3 11 5 0 0 2 69 1 111 0
1 69 0 0 0 3 11 6 0 0 2 69 1 111 0
1 69 0 0 0 3 11 7 0 0 2 69 1 111 0
1 69 0 0 0 3 11 8 0 0 2 69 1 111 0
1 69 0 0 0 3 11 9 0 0 2 69 1 111 0
1 69 0 0 0 3 11 10 0 0 2 69 1 111 0
1 69 0 0 0 3 11 11 0 0 2 69 1 111 0
1 69 0 0 0 3 11 12 0 0 2 69 1 111 0
1 69 0 0 0 3 11 14 0 0 2 69 0 110 0
1 70 0 0 0 3 2 36 0 0 2 70 3 115 0
1 70 0 0 0 3 3 0 0 0 2 70 0 112 0
1 70 0 0 0 3 4 0 0 0 2 70 1 113 0
1 70 0 0 0 3 6 0 0 0 2 70 2 114 0
1 71 0 0 0 3 2 36 0 0 2 71 0 116 0
1 71 0 0 0 3 3 0 0 0 2 71 0 116 0
1 71 0 0 0 3 4 0 0 0 2 71 0 116 0
1 71 0 0 0 3 6 0 0 0 2 71 0 116 0
1 71 0 0 0 3 11 11 0 0 2 71 0 116 0
1 71 0 0 0 3 11 13 0 0 2 71 0 116 0
1 71 0 0 0 3 11 14 0 0 2 71 0 116 0
1 71 0 0 0 3 12 1 0 0 2 71 0 116 0
1 71 0 0 0 3 12 2 0 0 2 71 0 116 0
1 72 0 0 0 3 2 44 0 0 2 72 0 117 0
1 73 0 0 0 3 2 37 0 0 2 73 1 119 0
1 73 0 0 0 3 2 44 0 0 2 73 0 118 0
1 73 0 0 0 3 2 45 0 0 2 73 1 119 0
262257 0
74
1 0 0 0 0 1 S_
1 0 0 0 0 0 1 1 0 0 0
1 1 0 0 0 1 Program
1 0 0 0 0 0 1 3 0 0 0
1 2 0 0 0 2 _f_00002_
4 0 0 0 0 0 3 12 3 0 0 3 12 1 0 0 1 12 0 0 0 1 17 0 0 0
1 0 0 0 0 0 1 4 0 0 0
1 3 0 0 0 2 _f_00003_
2 0 0 0 0 0 1 2 0 0 0 1 3 0 0 32
0 0 0 0 0 0 
1 4 0 0 0 1 ItemsDefine
4 0 0 0 0 0 3 12 6 0 0 1 7 0 0 0 1 6 0 0 0 3 2 45 0 0
1 5 0 0 0 1 _f_00005_
2 0 0 0 0 0 3 2 44 0 0 1 7 0 0 0
1 6 0 0 0 2 _f_00006_
2 0 0 0 0 0 1 5 0 0 0 1 6 0 0 32
0 0 0 0 0 0 
1 7 0 0 0 2 VarDefine
1 0 0 0 0 0 1 9 0 0 0
2 0 0 0 0 0 3 6 0 0 0 1 8 0 0 0
1 8 0 0 0 2 _f_00008_
2 0 0 0 0 0 3 1 14 0 0 1 29 0 0 0
0 0 0 0 0 0 
1 9 0 0 0 1 ArrayDefine
5 0 0 0 0 0 3 12 2 0 0 3 2 38 0 0 3 3 0 0 0 3 2 39 0 0 1 11 0 0 0
1 10 0 0 0 1 _f_00010_
3 0 0 0 0 0 3 2 38 0 0 3 3 0 0 0 3 2 39 0 0
1 11 0 0 0 2 _f_00011_
2 0 0 0 0 0 1 10 0 0 0 1 11 0 0 32
0 0 0 0 0 0 
1 12 0 0 0 2 FormalParameters
1 0 0 0 0 0 3 12 11 0 0
4 0 0 0 0 0 3 2 36 0 0 1 15 0 0 0 1 14 0 0 0 3 2 37 0 0
1 13 0 0 0 1 _f_00013_
2 0 0 0 0 0 3 2 44 0 0 1 15 0 0 0
1 14 0 0 0 2 _f_00014_
2 0 0 0 0 0 1 13 0 0 0 1 14 0 0 32
0 0 0 0 0 0 
1 15 0 0 0 1 FormalParameter
2 0 0 0 0 0 3 12 6 0 0 1 16 0 0 0
1 16 0 0 0 2 _f_00016_
1 0 0 0 0 0 1 9 0 0 0
1 0 0 0 0 0 3 6 0 0 0
1 17 0 0 0 2 FuncBody
1 0 0 0 0 0 3 2 45 0 0
1 0 0 0 0 0 1 26 0 0 0
1 18 0 0 0 4 VarsDefStatement
1 0 0 0 0 0 1 4 0 0 0
1 0 0 0 0 0 1 21 0 0 0
1 0 0 0 0 0 1 19 0 0 0
1 0 0 0 0 0 1 26 0 0 0
1 19 0 0 0 2 ExprStatement
2 0 0 0 0 0 1 29 0 0 0 3 2 45 0 0
1 0 0 0 0 0 3 2 45 0 0
1 20 0 0 0 1 Statement
1 0 0 0 0 0 1 18 0 0 0
1 21 0 0 0 3 SimpleStatement
2 0 0 0 0 0 3 7 9 0 0 1 19 0 0 0
6 0 0 0 0 0 3 7 3 0 0 3 2 36 0 0 1 29 0 0 0 3 2 37 0 0 1 20 0 0 0 1 22 0 0 0
7 0 0 0 0 0 3 7 1 0 0 3 2 36 0 0 1 23 0 0 0 1 19 0 0 0 1 25 0 0 0 3 2 37 0 0 1 20 0 0 0
1 22 0 0 0 2 _f_00022_
2 0 0 0 0 0 3 7 4 0 0 1 20 0 0 0
0 0 0 0 0 0 
1 23 0 0 0 2 _f_00023_
1 0 0 0 0 0 1 4 0 0 0
2 0 0 0 0 0 1 24 0 0 0 3 2 45 0 0
1 24 0 0 0 2 _f_00024_
1 0 0 0 0 0 1 71 0 0 0
0 0 0 0 0 0 
1 25 0 0 0 2 _f_00025_
1 0 0 0 0 0 1 71 0 0 0
0 0 0 0 0 0 
1 26 0 0 0 2 CompaundStmnt
1 0 0 0 0 0 3 12 10 0 0
4 0 0 0 0 0 3 2 34 0 0 1 18 0 0 0 1 28 0 0 0 3 2 35 0 0
1 27 0 0 0 1 _f_00027_
1 0 0 0 0 0 1 18 0 0 0
1 28 0 0 0 2 _f_00028_
2 0 0 0 0 0 1 27 0 0 0 1 28 0 0 32
0 0 0 0 0 0 
1 29 0 0 0 1 Expression
1 0 0 0 0 0 1 30 0 0 0
1 30 0 0 0 1 Assign
2 0 0 0 0 0 1 32 0 0 0 1 31 0 0 0
1 31 0 0 0 2 _f_00031_
2 0 0 0 0 0 3 11 1 0 0 1 30 0 0 0
0 0 0 0 0 0 
1 32 0 0 0 1 Question
2 0 0 0 0 0 1 34 0 0 0 1 33 0 0 0
1 33 0 0 0 2 _f_00033_
4 0 0 0 0 0 3 11 2 0 0 1 29 0 0 0 3 2 46 0 0 1 32 0 0 0
0 0 0 0 0 0 
1 34 0 0 0 1 OrOr
2 0 0 0 0 0 1 37 0 0 0 1 36 0 0 0
1 35 0 0 0 1 _f_00035_
2 0 0 0 0 0 3 11 3 0 0 1 37 0 0 0
1 36 0 0 0 2 _f_00036_
2 0 0 0 0 0 1 35 0 0 0 1 36 0 0 32
0 0 0 0 0 0 
1 37 0 0 0 1 AndAnd
2 0 0 0 0 0 1 40 0 0 0 1 39 0 0 0
1 38 0 0 0 1 _f_00038_
2 0 0 0 0 0 3 11 4 0 0 1 40 0 0 0
1 39 0 0 0 2 _f_00039_
2 0 0 0 0 0 1 38 0 0 0 1 39 0 0 32
0 0 0 0 0 0 
1 40 0 0 0 1 Or
2 0 0 0 0 0 1 43 0 0 0 1 42 0 0 0
1 41 0 0 0 1 _f_00041_
2 0 0 0 0 0 3 11 5 0 0 1 43 0 0 0
1 42 0 0 0 2 _f_00042_
2 0 0 0 0 0 1 41 0 0 0 1 42 0 0 32
0 0 0 0 0 0 
1 43 0 0 0 1 XOr
2 0 0 0 0 0 1 46 0 0 0 1 45 0 0 0
1 44 0 0 0 1 _f_00044_
2 0 0 0 0 0 3 11 6 0 0 1 46 0 0 0
1 45 0 0 0 2 _f_00045_
2 0 0 0 0 0 1 44 0 0 0 1 45 0 0 32
0 0 0 0 0 0 
1 46 0 0 0 1 And
2 0 0 0 0 0 1 49 0 0 0 1 48 0 0 0
1 47 0 0 0 1 _f_00047_
2 0 0 0 0 0 3 11 7 0 0 1 49 0 0 0
1 48 0 0 0 2 _f_00048_
2 0 0 0 0 0 1 47 0 0 0 1 48 0 0 32
0 0 0 0 0 0 
1 49 0 0 0 1 Equ
2 0 0 0 0 0 1 52 0 0 0 1 51 0 0 0
1 50 0 0 0 1 _f_00050_
2 0 0 0 0 0 3 11 8 0 0 1 52 0 0 0
1 51 0 0 0 2 _f_00051_
2 0 0 0 0 0 1 50 0 0 0 1 51 0 0 32
0 0 0 0 0 0 
1 52 0 0 0 1 Compare
2 0 0 0 0 0 1 55 0 0 0 1 54 0 0 0
1 53 0 0 0 1 _f_00053_
2 0 0 0 0 0 3 11 9 0 0 1 55 0 0 0
1 54 0 0 0 2 _f_00054_
2 0 0 0 0 0 1 53 0 0 0 1 54 0 0 32
0 0 0 0 0 0 
1 55 0 0 0 1 Shift
2 0 0 0 0 0 1 58 0 0 0 1 57 0 0 0
1 56 0 0 0 1 _f_00056_
2 0 0 0 0 0 3 11 10 0 0 1 58 0 0 0
1 57 0 0 0 2 _f_00057_
2 0 0 0 0 0 1 56 0 0 0 1 57 0 0 32
0 0 0 0 0 0 
1 58 0 0 0 1 Term
2 0 0 0 0 0 1 61 0 0 0 1 60 0 0 0
1 59 0 0 0 1 _f_00059_
2 0 0 0 0 0 3 11 11 0 0 1 61 0 0 0
1 60 0 0 0 2 _f_00060_
2 0 0 0 0 0 1 59 0 0 0 1 60 0 0 32
0 0 0 0 0 0 
1 61 0 0 0 1 Factor
2 0 0 0 0 0 1 64 0 0 0 1 63 0 0 0
1 62 0 0 0 1 _f_00062_
2 0 0 0 0 0 3 11 12 0 0 1 64 0 0 0
1 63 0 0 0 2 _f_00063_
2 0 0 0 0 0 1 62 0 0 0 1 63 0 0 32
0 0 0 0 0 0 
1 64 0 0 0 4 Unary
2 0 0 0 0 0 3 11 13 0 0 1 64 0 0 32
2 0 0 0 0 0 3 11 11 0 0 1 64 0 0 32
2 0 0 0 0 0 3 11 14 0 0 1 64 0 0 32
2 0 0 0 0 0 1 65 0 0 0 1 69 0 0 0
1 65 0 0 0 3 _f_00065_
5 0 0 0 0 0 3 12 2 0 0 3 2 38 0 0 1 29 0 0 0 3 2 39 0 0 1 67 0 0 0
2 0 0 0 0 0 3 12 1 0 0 1 68 0 0 0
1 0 0 0 0 0 1 70 0 0 0
1 66 0 0 0 1 _f_00066_
3 0 0 0 0 0 3 2 38 0 0 1 29 0 0 0 3 2 39 0 0
1 67 0 0 0 2 _f_00067_
2 0 0 0 0 0 1 66 0 0 0 1 67 0 0 32
0 0 0 0 0 0 
1 68 0 0 0 2 _f_00068_
1 0 0 0 0 0 3 12 11 0 0
3 0 0 0 0 0 3 2 36 0 0 1 71 0 0 0 3 2 37 0 0
1 69 0 0 0 2 _f_00069_
1 0 0 0 0 0 3 11 14 0 0
0 0 0 0 0 0 
1 70 0 0 0 4 Primary
1 0 0 0 0 0 3 3 0 0 0
1 0 0 0 0 0 3 4 0 0 0
1 0 0 0 0 0 3 6 0 0 0
3 0 0 0 0 0 3 2 36 0 0 1 71 0 0 0 3 2 37 0 0
1 71 0 0 0 1 Expressions
2 0 0 0 0 0 1 29 0 0 0 1 73 0 0 0
1 72 0 0 0 1 _f_00072_
2 0 0 0 0 0 3 2 44 0 0 1 29 0 0 0
1 73 0 0 0 2 _f_00073_
2 0 0 0 0 0 1 72 0 0 0 1 73 0 0 32
0 0 0 0 0 0 
0
