1
33
1 0 0 0 0 3 2 36 0 0 2 0 0 0 0
1 0 0 0 0 3 3 0 0 0 2 0 0 0 0
1 0 0 0 0 3 4 0 0 0 2 0 0 0 0
1 0 0 0 0 3 6 0 0 0 2 0 0 0 0
1 1 0 0 0 3 2 36 0 0 2 1 0 1 0
1 1 0 0 0 3 3 0 0 0 2 1 0 1 0
1 1 0 0 0 3 4 0 0 0 2 1 0 1 0
1 1 0 0 0 3 6 0 0 0 2 1 0 1 0
1 2 0 0 0 3 11 1 0 0 2 2 0 2 0
1 2 0 0 0 6 0 0 0 0 2 2 1 3 0
1 3 0 0 0 3 2 36 0 0 2 3 0 4 0
1 3 0 0 0 3 3 0 0 0 2 3 0 4 0
1 3 0 0 0 3 4 0 0 0 2 3 0 4 0
1 3 0 0 0 3 6 0 0 0 2 3 0 4 0
1 4 0 0 0 3 11 11 0 0 2 4 0 5 0
1 5 0 0 0 3 2 37 0 0 2 5 1 7 0
1 5 0 0 0 3 11 1 0 0 2 5 1 7 0
1 5 0 0 0 3 11 11 0 0 2 5 0 6 0
1 5 0 0 0 6 0 0 0 0 2 5 1 7 0
1 6 0 0 0 3 2 36 0 0 2 6 0 8 0
1 6 0 0 0 3 3 0 0 0 2 6 0 8 0
1 6 0 0 0 3 4 0 0 0 2 6 0 8 0
1 6 0 0 0 3 6 0 0 0 2 6 0 8 0
1 7 0 0 0 3 11 12 0 0 2 7 0 9 0
1 8 0 0 0 3 2 37 0 0 2 8 1 11 0
1 8 0 0 0 3 11 1 0 0 2 8 1 11 0
1 8 0 0 0 3 11 11 0 0 2 8 1 11 0
1 8 0 0 0 3 11 12 0 0 2 8 0 10 0
1 8 0 0 0 6 0 0 0 0 2 8 1 11 0
1 9 0 0 0 3 2 36 0 0 2 9 0 12 0
1 9 0 0 0 3 3 0 0 0 2 9 2 14 0
1 9 0 0 0 3 4 0 0 0 2 9 3 15 0
1 9 0 0 0 3 6 0 0 0 2 9 1 13 0
327777 0
10
1 0 0 0 0 1 S_
1 0 0 0 0 0 1 1 0 0 0
1 1 0 0 0 1 Assign
2 0 0 0 0 0 1 3 0 0 0 1 2 0 0 0
1 2 0 0 0 2 _f_00002_
2 0 0 0 0 0 3 11 1 0 0 1 1 0 0 0
0 0 0 0 0 0 
1 3 0 0 0 1 E
2 0 0 0 0 0 1 6 0 0 0 1 5 0 0 0
1 4 0 0 0 1 _f_00004_
2 0 0 0 0 0 3 11 11 0 0 1 6 0 0 0
1 5 0 0 0 2 _f_00005_
2 0 0 0 0 0 1 4 0 0 0 1 5 0 0 32
0 0 0 0 0 0 
1 6 0 0 0 1 T
2 0 0 0 0 0 1 9 0 0 0 1 8 0 0 0
1 7 0 0 0 1 _f_00007_
2 0 0 0 0 0 3 11 12 0 0 1 9 0 0 0
1 8 0 0 0 2 _f_00008_
2 0 0 0 0 0 1 7 0 0 0 1 8 0 0 32
0 0 0 0 0 0 
1 9 0 0 0 4 F
3 0 0 0 0 0 3 2 36 0 0 1 3 0 0 0 3 2 37 0 0
1 0 0 0 0 0 3 6 0 0 0
1 0 0 0 0 0 3 3 0 0 0
1 0 0 0 0 0 3 4 0 0 0
0
