1
679
1 0 0 0 0 3 2 45 0 0 2 0 0 0 0
1 0 0 0 0 3 12 3 0 0 2 0 0 0 0
1 0 0 0 0 3 12 4 0 0 2 0 0 0 0
1 0 0 0 0 3 12 5 0 0 2 0 0 0 0
1 0 0 0 0 6 0 0 0 0 2 0 0 0 0
1 1 0 0 0 3 2 45 0 0 2 1 0 1 0
1 1 0 0 0 3 12 3 0 0 2 1 0 1 0
1 1 0 0 0 3 12 4 0 0 2 1 0 1 0
1 1 0 0 0 3 12 5 0 0 2 1 0 1 0
1 1 0 0 0 6 0 0 0 0 2 1 0 1 0
1 2 0 0 0 3 2 45 0 0 2 2 0 2 0
1 2 0 0 0 3 12 3 0 0 2 2 1 3 0
1 2 0 0 0 3 12 4 0 0 2 2 2 4 0
1 2 0 0 0 3 12 5 0 0 2 2 2 4 0
1 3 0 0 0 3 2 36 0 0 2 3 1 6 0
1 3 0 0 0 3 12 11 0 0 2 3 0 5 0
1 4 0 0 0 3 2 44 0 0 2 4 0 7 0
1 5 0 0 0 3 2 37 0 0 2 5 1 9 0
1 5 0 0 0 3 2 44 0 0 2 5 0 8 0
1 6 0 0 0 3 2 34 0 0 2 6 2 12 0
1 6 0 0 0 3 2 45 0 0 2 6 0 10 0
1 6 0 0 0 3 12 10 0 0 2 6 1 11 0
1 7 0 0 0 3 2 45 0 0 2 7 0 13 0
1 7 0 0 0 3 12 3 0 0 2 7 0 13 0
1 7 0 0 0 3 12 4 0 0 2 7 0 13 0
1 7 0 0 0 3 12 5 0 0 2 7 0 13 0
1 7 0 0 0 6 0 0 0 0 2 7 1 14 0
1 8 0 0 0 3 1 14 0 0 2 8 0 15 0
1 8 0 0 0 3 2 37 0 0 2 8 1 16 0
1 8 0 0 0 3 2 44 0 0 2 8 1 16 0
1 9 0 0 0 3 12 4 0 0 2 9 0 17 0
1 9 0 0 0 3 12 5 0 0 2 9 1 18 0
1 10 0 0 0 3 2 34 0 0 2 10 1 20 0
1 10 0 0 0 3 12 10 0 0 2 10 0 19 0
1 11 0 0 0 3 2 44 0 0 2 11 0 21 0
1 12 0 0 0 3 2 35 0 0 2 12 1 23 0
1 12 0 0 0 3 2 44 0 0 2 12 0 22 0
1 13 0 0 0 3 2 34 0 0 2 13 0 24 0
1 13 0 0 0 3 2 36 0 0 2 13 1 25 0
1 13 0 0 0 3 3 0 0 0 2 13 1 25 0
1 13 0 0 0 3 4 0 0 0 2 13 1 25 0
1 13 0 0 0 3 6 0 0 0 2 13 1 25 0
1 13 0 0 0 3 11 11 0 0 2 13 1 25 0
1 13 0 0 0 3 11 13 0 0 2 13 1 25 0
1 13 0 0 0 3 11 14 0 0 2 13 1 25 0
1 13 0 0 0 3 12 1 0 0 2 13 1 25 0
1 13 0 0 0 3 12 2 0 0 2 13 1 25 0
1 13 0 0 0 3 12 8 0 0 2 13 1 25 0
1 13 0 0 0 3 12 9 0 0 2 13 1 25 0
1 13 0 0 0 3 12 10 0 0 2 13 0 24 0
1 14 0 0 0 3 2 38 0 0 2 14 0 26 0
1 14 0 0 0 3 12 12 0 0 2 14 0 26 0
1 15 0 0 0 3 2 38 0 0 2 15 1 28 0
1 15 0 0 0 3 12 12 0 0 2 15 0 27 0
1 16 0 0 0 3 2 38 0 0 2 16 0 29 0
1 17 0 0 0 3 1 14 0 0 2 17 1 31 0
1 17 0 0 0 3 2 37 0 0 2 17 1 31 0
1 17 0 0 0 3 2 38 0 0 2 17 0 30 0
1 17 0 0 0 3 2 44 0 0 2 17 1 31 0
1 17 0 0 0 3 2 45 0 0 2 17 1 31 0
1 18 0 0 0 3 6 0 0 0 2 18 0 32 0
1 19 0 0 0 3 1 14 0 0 2 19 0 33 0
1 19 0 0 0 3 2 37 0 0 2 19 1 34 0
1 19 0 0 0 3 2 44 0 0 2 19 1 34 0
1 19 0 0 0 3 2 45 0 0 2 19 1 34 0
1 20 0 0 0 3 6 0 0 0 2 20 1 36 0
1 20 0 0 0 3 12 2 0 0 2 20 0 35 0
1 21 0 0 0 3 1 14 0 0 2 21 0 37 0
1 21 0 0 0 3 2 44 0 0 2 21 1 38 0
1 21 0 0 0 3 2 45 0 0 2 21 1 38 0
1 22 0 0 0 3 6 0 0 0 2 22 1 40 0
1 22 0 0 0 3 11 7 0 0 2 22 0 39 0
1 22 0 0 0 3 12 2 0 0 2 22 1 40 0
1 23 0 0 0 3 2 36 0 0 2 23 1 42 0
1 23 0 0 0 3 3 0 0 0 2 23 1 42 0
1 23 0 0 0 3 4 0 0 0 2 23 1 42 0
1 23 0 0 0 3 6 0 0 0 2 23 1 42 0
1 23 0 0 0 3 11 11 0 0 2 23 1 42 0
1 23 0 0 0 3 11 13 0 0 2 23 1 42 0
1 23 0 0 0 3 11 14 0 0 2 23 1 42 0
1 23 0 0 0 3 12 1 0 0 2 23 1 42 0
1 23 0 0 0 3 12 2 0 0 2 23 1 42 0
1 23 0 0 0 3 12 5 0 0 2 23 0 41 0
1 23 0 0 0 3 12 8 0 0 2 23 1 42 0
1 23 0 0 0 3 12 9 0 0 2 23 1 42 0
1 24 0 0 0 3 6 0 0 0 2 24 1 44 0
1 24 0 0 0 3 11 7 0 0 2 24 0 43 0
1 25 0 0 0 3 2 36 0 0 2 25 0 45 0
1 25 0 0 0 3 3 0 0 0 2 25 0 45 0
1 25 0 0 0 3 4 0 0 0 2 25 0 45 0
1 25 0 0 0 3 6 0 0 0 2 25 0 45 0
1 25 0 0 0 3 11 11 0 0 2 25 0 45 0
1 25 0 0 0 3 11 13 0 0 2 25 0 45 0
1 25 0 0 0 3 11 14 0 0 2 25 0 45 0
1 25 0 0 0 3 12 1 0 0 2 25 0 45 0
1 25 0 0 0 3 12 2 0 0 2 25 0 45 0
1 25 0 0 0 3 12 8 0 0 2 25 0 45 0
1 25 0 0 0 3 12 9 0 0 2 25 0 45 0
1 26 0 0 0 3 2 44 0 0 2 26 0 46 0
1 27 0 0 0 3 2 37 0 0 2 27 1 48 0
1 27 0 0 0 3 2 39 0 0 2 27 1 48 0
1 27 0 0 0 3 2 44 0 0 2 27 0 47 0
1 27 0 0 0 3 2 45 0 0 2 27 1 48 0
1 27 0 0 0 3 2 46 0 0 2 27 1 48 0
1 28 0 0 0 3 2 36 0 0 2 28 0 49 0
1 28 0 0 0 3 3 0 0 0 2 28 0 49 0
1 28 0 0 0 3 4 0 0 0 2 28 0 49 0
1 28 0 0 0 3 6 0 0 0 2 28 0 49 0
1 28 0 0 0 3 11 11 0 0 2 28 0 49 0
1 28 0 0 0 3 11 13 0 0 2 28 0 49 0
1 28 0 0 0 3 11 14 0 0 2 28 0 49 0
1 28 0 0 0 3 12 1 0 0 2 28 0 49 0
1 28 0 0 0 3 12 2 0 0 2 28 0 49 0
1 28 0 0 0 3 12 8 0 0 2 28 0 49 0
1 28 0 0 0 3 12 9 0 0 2 28 0 49 0
1 29 0 0 0 3 2 35 0 0 2 29 1 51 0
1 29 0 0 0 3 2 37 0 0 2 29 1 51 0
1 29 0 0 0 3 2 39 0 0 2 29 1 51 0
1 29 0 0 0 3 2 44 0 0 2 29 1 51 0
1 29 0 0 0 3 2 45 0 0 2 29 1 51 0
1 29 0 0 0 3 2 46 0 0 2 29 1 51 0
1 29 0 0 0 3 11 1 0 0 2 29 0 50 0
1 30 0 0 0 3 2 36 0 0 2 30 0 52 0
1 30 0 0 0 3 3 0 0 0 2 30 0 52 0
1 30 0 0 0 3 4 0 0 0 2 30 0 52 0
1 30 0 0 0 3 6 0 0 0 2 30 0 52 0
1 30 0 0 0 3 11 11 0 0 2 30 0 52 0
1 30 0 0 0 3 11 13 0 0 2 30 0 52 0
1 30 0 0 0 3 11 14 0 0 2 30 0 52 0
1 30 0 0 0 3 12 1 0 0 2 30 0 52 0
1 30 0 0 0 3 12 2 0 0 2 30 0 52 0
1 30 0 0 0 3 12 8 0 0 2 30 0 52 0
1 30 0 0 0 3 12 9 0 0 2 30 0 52 0
1 31 0 0 0 3 11 3 0 0 2 31 0 53 0
1 32 0 0 0 3 2 35 0 0 2 32 1 55 0
1 32 0 0 0 3 2 37 0 0 2 32 1 55 0
1 32 0 0 0 3 2 39 0 0 2 32 1 55 0
1 32 0 0 0 3 2 44 0 0 2 32 1 55 0
1 32 0 0 0 3 2 45 0 0 2 32 1 55 0
1 32 0 0 0 3 2 46 0 0 2 32 1 55 0
1 32 0 0 0 3 11 1 0 0 2 32 1 55 0
1 32 0 0 0 3 11 2 0 0 2 32 1 55 0
1 32 0 0 0 3 11 3 0 0 2 32 0 54 0
1 33 0 0 0 3 2 35 0 0 2 33 1 57 0
1 33 0 0 0 3 2 37 0 0 2 33 1 57 0
1 33 0 0 0 3 2 39 0 0 2 33 1 57 0
1 33 0 0 0 3 2 44 0 0 2 33 1 57 0
1 33 0 0 0 3 2 45 0 0 2 33 1 57 0
1 33 0 0 0 3 2 46 0 0 2 33 1 57 0
1 33 0 0 0 3 11 1 0 0 2 33 1 57 0
1 33 0 0 0 3 11 2 0 0 2 33 0 56 0
1 34 0 0 0 3 2 36 0 0 2 34 0 58 0
1 34 0 0 0 3 3 0 0 0 2 34 0 58 0
1 34 0 0 0 3 4 0 0 0 2 34 0 58 0
1 34 0 0 0 3 6 0 0 0 2 34 0 58 0
1 34 0 0 0 3 11 11 0 0 2 34 0 58 0
1 34 0 0 0 3 11 13 0 0 2 34 0 58 0
1 34 0 0 0 3 11 14 0 0 2 34 0 58 0
1 34 0 0 0 3 12 1 0 0 2 34 0 58 0
1 34 0 0 0 3 12 2 0 0 2 34 0 58 0
1 34 0 0 0 3 12 8 0 0 2 34 0 58 0
1 34 0 0 0 3 12 9 0 0 2 34 0 58 0
1 35 0 0 0 3 11 4 0 0 2 35 0 59 0
1 36 0 0 0 3 2 35 0 0 2 36 1 61 0
1 36 0 0 0 3 2 37 0 0 2 36 1 61 0
1 36 0 0 0 3 2 39 0 0 2 36 1 61 0
1 36 0 0 0 3 2 44 0 0 2 36 1 61 0
1 36 0 0 0 3 2 45 0 0 2 36 1 61 0
1 36 0 0 0 3 2 46 0 0 2 36 1 61 0
1 36 0 0 0 3 11 1 0 0 2 36 1 61 0
1 36 0 0 0 3 11 2 0 0 2 36 1 61 0
1 36 0 0 0 3 11 3 0 0 2 36 1 61 0
1 36 0 0 0 3 11 4 0 0 2 36 0 60 0
1 37 0 0 0 3 2 36 0 0 2 37 0 62 0
1 37 0 0 0 3 3 0 0 0 2 37 0 62 0
1 37 0 0 0 3 4 0 0 0 2 37 0 62 0
1 37 0 0 0 3 6 0 0 0 2 37 0 62 0
1 37 0 0 0 3 11 11 0 0 2 37 0 62 0
1 37 0 0 0 3 11 13 0 0 2 37 0 62 0
1 37 0 0 0 3 11 14 0 0 2 37 0 62 0
1 37 0 0 0 3 12 1 0 0 2 37 0 62 0
1 37 0 0 0 3 12 2 0 0 2 37 0 62 0
1 37 0 0 0 3 12 8 0 0 2 37 0 62 0
1 37 0 0 0 3 12 9 0 0 2 37 0 62 0
1 38 0 0 0 3 11 5 0 0 2 38 0 63 0
1 39 0 0 0 3 2 35 0 0 2 39 1 65 0
1 39 0 0 0 3 2 37 0 0 2 39 1 65 0
1 39 0 0 0 3 2 39 0 0 2 39 1 65 0
1 39 0 0 0 3 2 44 0 0 2 39 1 65 0
1 39 0 0 0 3 2 45 0 0 2 39 1 65 0
1 39 0 0 0 3 2 46 0 0 2 39 1 65 0
1 39 0 0 0 3 11 1 0 0 2 39 1 65 0
1 39 0 0 0 3 11 2 0 0 2 39 1 65 0
1 39 0 0 0 3 11 3 0 0 2 39 1 65 0
1 39 0 0 0 3 11 4 0 0 2 39 1 65 0
1 39 0 0 0 3 11 5 0 0 2 39 0 64 0
1 40 0 0 0 3 2 36 0 0 2 40 0 66 0
1 40 0 0 0 3 3 0 0 0 2 40 0 66 0
1 40 0 0 0 3 4 0 0 0 2 40 0 66 0
1 40 0 0 0 3 6 0 0 0 2 40 0 66 0
1 40 0 0 0 3 11 11 0 0 2 40 0 66 0
1 40 0 0 0 3 11 13 0 0 2 40 0 66 0
1 40 0 0 0 3 11 14 0 0 2 40 0 66 0
1 40 0 0 0 3 12 1 0 0 2 40 0 66 0
1 40 0 0 0 3 12 2 0 0 2 40 0 66 0
1 40 0 0 0 3 12 8 0 0 2 40 0 66 0
1 40 0 0 0 3 12 9 0 0 2 40 0 66 0
1 41 0 0 0 3 11 6 0 0 2 41 0 67 0
1 42 0 0 0 3 2 35 0 0 2 42 1 69 0
1 42 0 0 0 3 2 37 0 0 2 42 1 69 0
1 42 0 0 0 3 2 39 0 0 2 42 1 69 0
1 42 0 0 0 3 2 44 0 0 2 42 1 69 0
1 42 0 0 0 3 2 45 0 0 2 42 1 69 0
1 42 0 0 0 3 2 46 0 0 2 42 1 69 0
1 42 0 0 0 3 11 1 0 0 2 42 1 69 0
1 42 0 0 0 3 11 2 0 0 2 42 1 69 0
1 42 0 0 0 3 11 3 0 0 2 42 1 69 0
1 42 0 0 0 3 11 4 0 0 2 42 1 69 0
1 42 0 0 0 3 11 5 0 0 2 42 1 69 0
1 42 0 0 0 3 11 6 0 0 2 42 0 68 0
1 43 0 0 0 3 2 36 0 0 2 43 0 70 0
1 43 0 0 0 3 3 0 0 0 2 43 0 70 0
1 43 0 0 0 3 4 0 0 0 2 43 0 70 0
1 43 0 0 0 3 6 0 0 0 2 43 0 70 0
1 43 0 0 0 3 11 11 0 0 2 43 0 70 0
1 43 0 0 0 3 11 13 0 0 2 43 0 70 0
1 43 0 0 0 3 11 14 0 0 2 43 0 70 0
1 43 0 0 0 3 12 1 0 0 2 43 0 70 0
1 43 0 0 0 3 12 2 0 0 2 43 0 70 0
1 43 0 0 0 3 12 8 0 0 2 43 0 70 0
1 43 0 0 0 3 12 9 0 0 2 43 0 70 0
1 44 0 0 0 3 11 7 0 0 2 44 0 71 0
1 45 0 0 0 3 2 35 0 0 2 45 1 73 0
1 45 0 0 0 3 2 37 0 0 2 45 1 73 0
1 45 0 0 0 3 2 39 0 0 2 45 1 73 0
1 45 0 0 0 3 2 44 0 0 2 45 1 73 0
1 45 0 0 0 3 2 45 0 0 2 45 1 73 0
1 45 0 0 0 3 2 46 0 0 2 45 1 73 0
1 45 0 0 0 3 11 1 0 0 2 45 1 73 0
1 45 0 0 0 3 11 2 0 0 2 45 1 73 0
1 45 0 0 0 3 11 3 0 0 2 45 1 73 0
1 45 0 0 0 3 11 4 0 0 2 45 1 73 0
1 45 0 0 0 3 11 5 0 0 2 45 1 73 0
1 45 0 0 0 3 11 6 0 0 2 45 1 73 0
1 45 0 0 0 3 11 7 0 0 2 45 0 72 0
1 46 0 0 0 3 2 36 0 0 2 46 0 74 0
1 46 0 0 0 3 3 0 0 0 2 46 0 74 0
1 46 0 0 0 3 4 0 0 0 2 46 0 74 0
1 46 0 0 0 3 6 0 0 0 2 46 0 74 0
1 46 0 0 0 3 11 11 0 0 2 46 0 74 0
1 46 0 0 0 3 11 13 0 0 2 46 0 74 0
1 46 0 0 0 3 11 14 0 0 2 46 0 74 0
1 46 0 0 0 3 12 1 0 0 2 46 0 74 0
1 46 0 0 0 3 12 2 0 0 2 46 0 74 0
1 46 0 0 0 3 12 8 0 0 2 46 0 74 0
1 46 0 0 0 3 12 9 0 0 2 46 0 74 0
1 47 0 0 0 3 11 8 0 0 2 47 0 75 0
1 48 0 0 0 3 2 35 0 0 2 48 1 77 0
1 48 0 0 0 3 2 37 0 0 2 48 1 77 0
1 48 0 0 0 3 2 39 0 0 2 48 1 77 0
1 48 0 0 0 3 2 44 0 0 2 48 1 77 0
1 48 0 0 0 3 2 45 0 0 2 48 1 77 0
1 48 0 0 0 3 2 46 0 0 2 48 1 77 0
1 48 0 0 0 3 11 1 0 0 2 48 1 77 0
1 48 0 0 0 3 11 2 0 0 2 48 1 77 0
1 48 0 0 0 3 11 3 0 0 2 48 1 77 0
1 48 0 0 0 3 11 4 0 0 2 48 1 77 0
1 48 0 0 0 3 11 5 0 0 2 48 1 77 0
1 48 0 0 0 3 11 6 0 0 2 48 1 77 0
1 48 0 0 0 3 11 7 0 0 2 48 1 77 0
1 48 0 0 0 3 11 8 0 0 2 48 0 76 0
1 49 0 0 0 3 2 36 0 0 2 49 0 78 0
1 49 0 0 0 3 3 0 0 0 2 49 0 78 0
1 49 0 0 0 3 4 0 0 0 2 49 0 78 0
1 49 0 0 0 3 6 0 0 0 2 49 0 78 0
1 49 0 0 0 3 11 11 0 0 2 49 0 78 0
1 49 0 0 0 3 11 13 0 0 2 49 0 78 0
1 49 0 0 0 3 11 14 0 0 2 49 0 78 0
1 49 0 0 0 3 12 1 0 0 2 49 0 78 0
1 49 0 0 0 3 12 2 0 0 2 49 0 78 0
1 49 0 0 0 3 12 8 0 0 2 49 0 78 0
1 49 0 0 0 3 12 9 0 0 2 49 0 78 0
1 50 0 0 0 3 11 9 0 0 2 50 0 79 0
1 51 0 0 0 3 2 35 0 0 2 51 1 81 0
1 51 0 0 0 3 2 37 0 0 2 51 1 81 0
1 51 0 0 0 3 2 39 0 0 2 51 1 81 0
1 51 0 0 0 3 2 44 0 0 2 51 1 81 0
1 51 0 0 0 3 2 45 0 0 2 51 1 81 0
1 51 0 0 0 3 2 46 0 0 2 51 1 81 0
1 51 0 0 0 3 11 1 0 0 2 51 1 81 0
1 51 0 0 0 3 11 2 0 0 2 51 1 81 0
1 51 0 0 0 3 11 3 0 0 2 51 1 81 0
1 51 0 0 0 3 11 4 0 0 2 51 1 81 0
1 51 0 0 0 3 11 5 0 0 2 51 1 81 0
1 51 0 0 0 3 11 6 0 0 2 51 1 81 0
1 51 0 0 0 3 11 7 0 0 2 51 1 81 0
1 51 0 0 0 3 11 8 0 0 2 51 1 81 0
1 51 0 0 0 3 11 9 0 0 2 51 0 80 0
1 52 0 0 0 3 2 36 0 0 2 52 0 82 0
1 52 0 0 0 3 3 0 0 0 2 52 0 82 0
1 52 0 0 0 3 4 0 0 0 2 52 0 82 0
1 52 0 0 0 3 6 0 0 0 2 52 0 82 0
1 52 0 0 0 3 11 11 0 0 2 52 0 82 0
1 52 0 0 0 3 11 13 0 0 2 52 0 82 0
1 52 0 0 0 3 11 14 0 0 2 52 0 82 0
1 52 0 0 0 3 12 1 0 0 2 52 0 82 0
1 52 0 0 0 3 12 2 0 0 2 52 0 82 0
1 52 0 0 0 3 12 8 0 0 2 52 0 82 0
1 52 0 0 0 3 12 9 0 0 2 52 0 82 0
1 53 0 0 0 3 11 10 0 0 2 53 0 83 0
1 54 0 0 0 3 2 35 0 0 2 54 1 85 0
1 54 0 0 0 3 2 37 0 0 2 54 1 85 0
1 54 0 0 0 3 2 39 0 0 2 54 1 85 0
1 54 0 0 0 3 2 44 0 0 2 54 1 85 0
1 54 0 0 0 3 2 45 0 0 2 54 1 85 0
1 54 0 0 0 3 2 46 0 0 2 54 1 85 0
1 54 0 0 0 3 11 1 0 0 2 54 1 85 0
1 54 0 0 0 3 11 2 0 0 2 54 1 85 0
1 54 0 0 0 3 11 3 0 0 2 54 1 85 0
1 54 0 0 0 3 11 4 0 0 2 54 1 85 0
1 54 0 0 0 3 11 5 0 0 2 54 1 85 0
1 54 0 0 0 3 11 6 0 0 2 54 1 85 0
1 54 0 0 0 3 11 7 0 0 2 54 1 85 0
1 54 0 0 0 3 11 8 0 0 2 54 1 85 0
1 54 0 0 0 3 11 9 0 0 2 54 1 85 0
1 54 0 0 0 3 11 10 0 0 2 54 0 84 0
1 55 0 0 0 3 2 36 0 0 2 55 0 86 0
1 55 0 0 0 3 3 0 0 0 2 55 0 86 0
1 55 0 0 0 3 4 0 0 0 2 55 0 86 0
1 55 0 0 0 3 6 0 0 0 2 55 0 86 0
1 55 0 0 0 3 11 11 0 0 2 55 0 86 0
1 55 0 0 0 3 11 13 0 0 2 55 0 86 0
1 55 0 0 0 3 11 14 0 0 2 55 0 86 0
1 55 0 0 0 3 12 1 0 0 2 55 0 86 0
1 55 0 0 0 3 12 2 0 0 2 55 0 86 0
1 55 0 0 0 3 12 8 0 0 2 55 0 86 0
1 55 0 0 0 3 12 9 0 0 2 55 0 86 0
1 56 0 0 0 3 11 11 0 0 2 56 0 87 0
1 57 0 0 0 3 2 35 0 0 2 57 1 89 0
1 57 0 0 0 3 2 37 0 0 2 57 1 89 0
1 57 0 0 0 3 2 39 0 0 2 57 1 89 0
1 57 0 0 0 3 2 44 0 0 2 57 1 89 0
1 57 0 0 0 3 2 45 0 0 2 57 1 89 0
1 57 0 0 0 3 2 46 0 0 2 57 1 89 0
1 57 0 0 0 3 11 1 0 0 2 57 1 89 0
1 57 0 0 0 3 11 2 0 0 2 57 1 89 0
1 57 0 0 0 3 11 3 0 0 2 57 1 89 0
1 57 0 0 0 3 11 4 0 0 2 57 1 89 0
1 57 0 0 0 3 11 5 0 0 2 57 1 89 0
1 57 0 0 0 3 11 6 0 0 2 57 1 89 0
1 57 0 0 0 3 11 7 0 0 2 57 1 89 0
1 57 0 0 0 3 11 8 0 0 2 57 1 89 0
1 57 0 0 0 3 11 9 0 0 2 57 1 89 0
1 57 0 0 0 3 11 10 0 0 2 57 1 89 0
1 57 0 0 0 3 11 11 0 0 2 57 0 88 0
1 58 0 0 0 3 2 36 0 0 2 58 0 90 0
1 58 0 0 0 3 3 0 0 0 2 58 0 90 0
1 58 0 0 0 3 4 0 0 0 2 58 0 90 0
1 58 0 0 0 3 6 0 0 0 2 58 0 90 0
1 58 0 0 0 3 11 11 0 0 2 58 0 90 0
1 58 0 0 0 3 11 13 0 0 2 58 0 90 0
1 58 0 0 0 3 11 14 0 0 2 58 0 90 0
1 58 0 0 0 3 12 1 0 0 2 58 0 90 0
1 58 0 0 0 3 12 2 0 0 2 58 0 90 0
1 58 0 0 0 3 12 8 0 0 2 58 0 90 0
1 58 0 0 0 3 12 9 0 0 2 58 0 90 0
1 59 0 0 0 3 11 12 0 0 2 59 0 91 0
1 60 0 0 0 3 2 35 0 0 2 60 1 93 0
1 60 0 0 0 3 2 37 0 0 2 60 1 93 0
1 60 0 0 0 3 2 39 0 0 2 60 1 93 0
1 60 0 0 0 3 2 44 0 0 2 60 1 93 0
1 60 0 0 0 3 2 45 0 0 2 60 1 93 0
1 60 0 0 0 3 2 46 0 0 2 60 1 93 0
1 60 0 0 0 3 11 1 0 0 2 60 1 93 0
1 60 0 0 0 3 11 2 0 0 2 60 1 93 0
1 60 0 0 0 3 11 3 0 0 2 60 1 93 0
1 60 0 0 0 3 11 4 0 0 2 60 1 93 0
1 60 0 0 0 3 11 5 0 0 2 60 1 93 0
1 60 0 0 0 3 11 6 0 0 2 60 1 93 0
1 60 0 0 0 3 11 7 0 0 2 60 1 93 0
1 60 0 0 0 3 11 8 0 0 2 60 1 93 0
1 60 0 0 0 3 11 9 0 0 2 60 1 93 0
1 60 0 0 0 3 11 10 0 0 2 60 1 93 0
1 60 0 0 0 3 11 11 0 0 2 60 1 93 0
1 60 0 0 0 3 11 12 0 0 2 60 0 92 0
1 61 0 0 0 3 2 36 0 0 2 61 4 98 0
1 61 0 0 0 3 3 0 0 0 2 61 4 98 0
1 61 0 0 0 3 4 0 0 0 2 61 4 98 0
1 61 0 0 0 3 6 0 0 0 2 61 4 98 0
1 61 0 0 0 3 11 11 0 0 2 61 1 95 0
1 61 0 0 0 3 11 13 0 0 2 61 0 94 0
1 61 0 0 0 3 11 14 0 0 2 61 2 96 0
1 61 0 0 0 3 12 1 0 0 2 61 4 98 0
1 61 0 0 0 3 12 2 0 0 2 61 4 98 0
1 61 0 0 0 3 12 8 0 0 2 61 4 98 0
1 61 0 0 0 3 12 9 0 0 2 61 3 97 0
1 62 0 0 0 3 2 36 0 0 2 62 6 105 0
1 62 0 0 0 3 3 0 0 0 2 62 0 99 0
1 62 0 0 0 3 4 0 0 0 2 62 1 100 0
1 62 0 0 0 3 6 0 0 0 2 62 5 104 0
1 62 0 0 0 3 12 1 0 0 2 62 3 102 0
1 62 0 0 0 3 12 2 0 0 2 62 2 101 0
1 62 0 0 0 3 12 8 0 0 2 62 4 103 0
1 63 0 0 0 3 2 38 0 0 2 63 0 106 0
1 64 0 0 0 3 2 35 0 0 2 64 1 108 0
1 64 0 0 0 3 2 37 0 0 2 64 1 108 0
1 64 0 0 0 3 2 38 0 0 2 64 0 107 0
1 64 0 0 0 3 2 39 0 0 2 64 1 108 0
1 64 0 0 0 3 2 44 0 0 2 64 1 108 0
1 64 0 0 0 3 2 45 0 0 2 64 1 108 0
1 64 0 0 0 3 2 46 0 0 2 64 1 108 0
1 64 0 0 0 3 11 1 0 0 2 64 1 108 0
1 64 0 0 0 3 11 2 0 0 2 64 1 108 0
1 64 0 0 0 3 11 3 0 0 2 64 1 108 0
1 64 0 0 0 3 11 4 0 0 2 64 1 108 0
1 64 0 0 0 3 11 5 0 0 2 64 1 108 0
1 64 0 0 0 3 11 6 0 0 2 64 1 108 0
1 64 0 0 0 3 11 7 0 0 2 64 1 108 0
1 64 0 0 0 3 11 8 0 0 2 64 1 108 0
1 64 0 0 0 3 11 9 0 0 2 64 1 108 0
1 64 0 0 0 3 11 10 0 0 2 64 1 108 0
1 64 0 0 0 3 11 11 0 0 2 64 1 108 0
1 64 0 0 0 3 11 12 0 0 2 64 1 108 0
1 64 0 0 0 3 11 14 0 0 2 64 1 108 0
1 65 0 0 0 3 2 36 0 0 2 65 1 110 0
1 65 0 0 0 3 12 11 0 0 2 65 0 109 0
1 66 0 0 0 3 2 35 0 0 2 66 1 112 0
1 66 0 0 0 3 2 37 0 0 2 66 1 112 0
1 66 0 0 0 3 2 39 0 0 2 66 1 112 0
1 66 0 0 0 3 2 44 0 0 2 66 1 112 0
1 66 0 0 0 3 2 45 0 0 2 66 1 112 0
1 66 0 0 0 3 2 46 0 0 2 66 1 112 0
1 66 0 0 0 3 11 1 0 0 2 66 1 112 0
1 66 0 0 0 3 11 2 0 0 2 66 1 112 0
1 66 0 0 0 3 11 3 0 0 2 66 1 112 0
1 66 0 0 0 3 11 4 0 0 2 66 1 112 0
1 66 0 0 0 3 11 5 0 0 2 66 1 112 0
1 66 0 0 0 3 11 6 0 0 2 66 1 112 0
1 66 0 0 0 3 11 7 0 0 2 66 1 112 0
1 66 0 0 0 3 11 8 0 0 2 66 1 112 0
1 66 0 0 0 3 11 9 0 0 2 66 1 112 0
1 66 0 0 0 3 11 10 0 0 2 66 1 112 0
1 66 0 0 0 3 11 11 0 0 2 66 1 112 0
1 66 0 0 0 3 11 12 0 0 2 66 1 112 0
1 66 0 0 0 3 11 14 0 0 2 66 0 111 0
1 67 0 0 0 3 2 36 0 0 2 67 0 113 0
1 68 0 0 0 3 12 4 0 0 2 68 0 114 0
1 68 0 0 0 3 12 5 0 0 2 68 0 114 0
1 69 0 0 0 3 12 4 0 0 2 69 0 115 0
1 69 0 0 0 3 12 5 0 0 2 69 1 116 0
1 70 0 0 0 3 2 44 0 0 2 70 0 117 0
1 71 0 0 0 3 2 44 0 0 2 71 0 118 0
1 71 0 0 0 3 2 45 0 0 2 71 1 119 0
1 72 0 0 0 3 2 36 0 0 2 72 0 120 0
1 72 0 0 0 3 3 0 0 0 2 72 0 120 0
1 72 0 0 0 3 4 0 0 0 2 72 0 120 0
1 72 0 0 0 3 6 0 0 0 2 72 0 120 0
1 72 0 0 0 3 11 11 0 0 2 72 0 120 0
1 72 0 0 0 3 11 13 0 0 2 72 0 120 0
1 72 0 0 0 3 11 14 0 0 2 72 0 120 0
1 72 0 0 0 3 12 1 0 0 2 72 0 120 0
1 72 0 0 0 3 12 2 0 0 2 72 0 120 0
1 72 0 0 0 3 12 8 0 0 2 72 0 120 0
1 72 0 0 0 3 12 9 0 0 2 72 0 120 0
1 73 0 0 0 3 2 34 0 0 2 73 2 123 0
1 73 0 0 0 3 2 36 0 0 2 73 3 124 0
1 73 0 0 0 3 2 45 0 0 2 73 0 121 0
1 73 0 0 0 3 3 0 0 0 2 73 3 124 0
1 73 0 0 0 3 4 0 0 0 2 73 3 124 0
1 73 0 0 0 3 6 0 0 0 2 73 3 124 0
1 73 0 0 0 3 7 1 0 0 2 73 2 123 0
1 73 0 0 0 3 7 2 0 0 2 73 2 123 0
1 73 0 0 0 3 7 3 0 0 2 73 2 123 0
1 73 0 0 0 3 7 5 0 0 2 73 2 123 0
1 73 0 0 0 3 7 6 0 0 2 73 2 123 0
1 73 0 0 0 3 7 7 0 0 2 73 2 123 0
1 73 0 0 0 3 7 8 0 0 2 73 2 123 0
1 73 0 0 0 3 7 9 0 0 2 73 2 123 0
1 73 0 0 0 3 11 11 0 0 2 73 3 124 0
1 73 0 0 0 3 11 13 0 0 2 73 3 124 0
1 73 0 0 0 3 11 14 0 0 2 73 3 124 0
1 73 0 0 0 3 12 1 0 0 2 73 3 124 0
1 73 0 0 0 3 12 2 0 0 2 73 3 124 0
1 73 0 0 0 3 12 4 0 0 2 73 1 122 0
1 73 0 0 0 3 12 5 0 0 2 73 1 122 0
1 73 0 0 0 3 12 7 0 0 2 73 2 123 0
1 73 0 0 0 3 12 8 0 0 2 73 3 124 0
1 73 0 0 0 3 12 9 0 0 2 73 3 124 0
1 73 0 0 0 3 12 10 0 0 2 73 2 123 0
1 74 0 0 0 3 2 34 0 0 2 74 9 134 0
1 74 0 0 0 3 7 1 0 0 2 74 4 129 0
1 74 0 0 0 3 7 2 0 0 2 74 3 128 0
1 74 0 0 0 3 7 3 0 0 2 74 1 126 0
1 74 0 0 0 3 7 5 0 0 2 74 2 127 0
1 74 0 0 0 3 7 6 0 0 2 74 5 130 0
1 74 0 0 0 3 7 7 0 0 2 74 7 132 0
1 74 0 0 0 3 7 8 0 0 2 74 6 131 0
1 74 0 0 0 3 7 9 0 0 2 74 8 133 0
1 74 0 0 0 3 12 7 0 0 2 74 0 125 0
1 74 0 0 0 3 12 10 0 0 2 74 9 134 0
1 75 0 0 0 3 2 34 0 0 2 75 1 136 0
1 75 0 0 0 3 2 35 0 0 2 75 1 136 0
1 75 0 0 0 3 2 36 0 0 2 75 1 136 0
1 75 0 0 0 3 2 45 0 0 2 75 1 136 0
1 75 0 0 0 3 3 0 0 0 2 75 1 136 0
1 75 0 0 0 3 4 0 0 0 2 75 1 136 0
1 75 0 0 0 3 6 0 0 0 2 75 1 136 0
1 75 0 0 0 3 7 1 0 0 2 75 1 136 0
1 75 0 0 0 3 7 2 0 0 2 75 1 136 0
1 75 0 0 0 3 7 3 0 0 2 75 1 136 0
1 75 0 0 0 3 7 4 0 0 2 75 0 135 0
1 75 0 0 0 3 7 5 0 0 2 75 1 136 0
1 75 0 0 0 3 7 6 0 0 2 75 1 136 0
1 75 0 0 0 3 7 7 0 0 2 75 1 136 0
1 75 0 0 0 3 7 8 0 0 2 75 1 136 0
1 75 0 0 0 3 7 9 0 0 2 75 1 136 0
1 75 0 0 0 3 11 11 0 0 2 75 1 136 0
1 75 0 0 0 3 11 13 0 0 2 75 1 136 0
1 75 0 0 0 3 11 14 0 0 2 75 1 136 0
1 75 0 0 0 3 12 1 0 0 2 75 1 136 0
1 75 0 0 0 3 12 2 0 0 2 75 1 136 0
1 75 0 0 0 3 12 4 0 0 2 75 1 136 0
1 75 0 0 0 3 12 5 0 0 2 75 1 136 0
1 75 0 0 0 3 12 7 0 0 2 75 1 136 0
1 75 0 0 0 3 12 8 0 0 2 75 1 136 0
1 75 0 0 0 3 12 9 0 0 2 75 1 136 0
1 75 0 0 0 3 12 10 0 0 2 75 1 136 0
1 76 0 0 0 3 2 36 0 0 2 76 2 139 0
1 76 0 0 0 3 2 45 0 0 2 76 0 137 0
1 76 0 0 0 3 3 0 0 0 2 76 2 139 0
1 76 0 0 0 3 4 0 0 0 2 76 2 139 0
1 76 0 0 0 3 6 0 0 0 2 76 2 139 0
1 76 0 0 0 3 11 11 0 0 2 76 2 139 0
1 76 0 0 0 3 11 13 0 0 2 76 2 139 0
1 76 0 0 0 3 11 14 0 0 2 76 2 139 0
1 76 0 0 0 3 12 1 0 0 2 76 2 139 0
1 76 0 0 0 3 12 2 0 0 2 76 2 139 0
1 76 0 0 0 3 12 4 0 0 2 76 1 138 0
1 76 0 0 0 3 12 5 0 0 2 76 1 138 0
1 76 0 0 0 3 12 8 0 0 2 76 2 139 0
1 76 0 0 0 3 12 9 0 0 2 76 2 139 0
1 77 0 0 0 3 2 36 0 0 2 77 1 141 0
1 77 0 0 0 3 2 45 0 0 2 77 0 140 0
1 77 0 0 0 3 3 0 0 0 2 77 1 141 0
1 77 0 0 0 3 4 0 0 0 2 77 1 141 0
1 77 0 0 0 3 6 0 0 0 2 77 1 141 0
1 77 0 0 0 3 11 11 0 0 2 77 1 141 0
1 77 0 0 0 3 11 13 0 0 2 77 1 141 0
1 77 0 0 0 3 11 14 0 0 2 77 1 141 0
1 77 0 0 0 3 12 1 0 0 2 77 1 141 0
1 77 0 0 0 3 12 2 0 0 2 77 1 141 0
1 77 0 0 0 3 12 5 0 0 2 77 1 141 0
1 77 0 0 0 3 12 8 0 0 2 77 1 141 0
1 77 0 0 0 3 12 9 0 0 2 77 1 141 0
1 78 0 0 0 3 2 36 0 0 2 78 1 143 0
1 78 0 0 0 3 2 37 0 0 2 78 0 142 0
1 78 0 0 0 3 3 0 0 0 2 78 1 143 0
1 78 0 0 0 3 4 0 0 0 2 78 1 143 0
1 78 0 0 0 3 6 0 0 0 2 78 1 143 0
1 78 0 0 0 3 11 11 0 0 2 78 1 143 0
1 78 0 0 0 3 11 13 0 0 2 78 1 143 0
1 78 0 0 0 3 11 14 0 0 2 78 1 143 0
1 78 0 0 0 3 12 1 0 0 2 78 1 143 0
1 78 0 0 0 3 12 2 0 0 2 78 1 143 0
1 78 0 0 0 3 12 8 0 0 2 78 1 143 0
1 78 0 0 0 3 12 9 0 0 2 78 1 143 0
1 79 0 0 0 3 2 36 0 0 2 79 0 144 0
1 79 0 0 0 3 2 45 0 0 2 79 1 145 0
1 79 0 0 0 3 3 0 0 0 2 79 0 144 0
1 79 0 0 0 3 4 0 0 0 2 79 0 144 0
1 79 0 0 0 3 6 0 0 0 2 79 0 144 0
1 79 0 0 0 3 11 11 0 0 2 79 0 144 0
1 79 0 0 0 3 11 13 0 0 2 79 0 144 0
1 79 0 0 0 3 11 14 0 0 2 79 0 144 0
1 79 0 0 0 3 12 1 0 0 2 79 0 144 0
1 79 0 0 0 3 12 2 0 0 2 79 0 144 0
1 79 0 0 0 3 12 8 0 0 2 79 0 144 0
1 79 0 0 0 3 12 9 0 0 2 79 0 144 0
1 80 0 0 0 3 2 34 0 0 2 80 1 147 0
1 80 0 0 0 3 12 10 0 0 2 80 0 146 0
1 81 0 0 0 3 2 34 0 0 2 81 0 148 0
1 81 0 0 0 3 2 35 0 0 2 81 0 148 0
1 81 0 0 0 3 2 36 0 0 2 81 0 148 0
1 81 0 0 0 3 2 45 0 0 2 81 0 148 0
1 81 0 0 0 3 3 0 0 0 2 81 0 148 0
1 81 0 0 0 3 4 0 0 0 2 81 0 148 0
1 81 0 0 0 3 6 0 0 0 2 81 0 148 0
1 81 0 0 0 3 7 1 0 0 2 81 0 148 0
1 81 0 0 0 3 7 2 0 0 2 81 0 148 0
1 81 0 0 0 3 7 3 0 0 2 81 0 148 0
1 81 0 0 0 3 7 5 0 0 2 81 0 148 0
1 81 0 0 0 3 7 6 0 0 2 81 0 148 0
1 81 0 0 0 3 7 7 0 0 2 81 0 148 0
1 81 0 0 0 3 7 8 0 0 2 81 0 148 0
1 81 0 0 0 3 7 9 0 0 2 81 0 148 0
1 81 0 0 0 3 11 11 0 0 2 81 0 148 0
1 81 0 0 0 3 11 13 0 0 2 81 0 148 0
1 81 0 0 0 3 11 14 0 0 2 81 0 148 0
1 81 0 0 0 3 12 1 0 0 2 81 0 148 0
1 81 0 0 0 3 12 2 0 0 2 81 0 148 0
1 81 0 0 0 3 12 4 0 0 2 81 0 148 0
1 81 0 0 0 3 12 5 0 0 2 81 0 148 0
1 81 0 0 0 3 12 7 0 0 2 81 0 148 0
1 81 0 0 0 3 12 8 0 0 2 81 0 148 0
1 81 0 0 0 3 12 9 0 0 2 81 0 148 0
1 81 0 0 0 3 12 10 0 0 2 81 0 148 0
1 82 0 0 0 3 2 34 0 0 2 82 0 149 0
1 82 0 0 0 3 2 36 0 0 2 82 0 149 0
1 82 0 0 0 3 2 45 0 0 2 82 0 149 0
1 82 0 0 0 3 3 0 0 0 2 82 0 149 0
1 82 0 0 0 3 4 0 0 0 2 82 0 149 0
1 82 0 0 0 3 6 0 0 0 2 82 0 149 0
1 82 0 0 0 3 7 1 0 0 2 82 0 149 0
1 82 0 0 0 3 7 2 0 0 2 82 0 149 0
1 82 0 0 0 3 7 3 0 0 2 82 0 149 0
1 82 0 0 0 3 7 5 0 0 2 82 0 149 0
1 82 0 0 0 3 7 6 0 0 2 82 0 149 0
1 82 0 0 0 3 7 7 0 0 2 82 0 149 0
1 82 0 0 0 3 7 8 0 0 2 82 0 149 0
1 82 0 0 0 3 7 9 0 0 2 82 0 149 0
1 82 0 0 0 3 11 11 0 0 2 82 0 149 0
1 82 0 0 0 3 11 13 0 0 2 82 0 149 0
1 82 0 0 0 3 11 14 0 0 2 82 0 149 0
1 82 0 0 0 3 12 1 0 0 2 82 0 149 0
1 82 0 0 0 3 12 2 0 0 2 82 0 149 0
1 82 0 0 0 3 12 4 0 0 2 82 0 149 0
1 82 0 0 0 3 12 5 0 0 2 82 0 149 0
1 82 0 0 0 3 12 7 0 0 2 82 0 149 0
1 82 0 0 0 3 12 8 0 0 2 82 0 149 0
1 82 0 0 0 3 12 9 0 0 2 82 0 149 0
1 82 0 0 0 3 12 10 0 0 2 82 0 149 0
1 83 0 0 0 3 2 34 0 0 2 83 0 150 0
1 83 0 0 0 3 2 35 0 0 2 83 1 151 0
1 83 0 0 0 3 2 36 0 0 2 83 0 150 0
1 83 0 0 0 3 2 45 0 0 2 83 0 150 0
1 83 0 0 0 3 3 0 0 0 2 83 0 150 0
1 83 0 0 0 3 4 0 0 0 2 83 0 150 0
1 83 0 0 0 3 6 0 0 0 2 83 0 150 0
1 83 0 0 0 3 7 1 0 0 2 83 0 150 0
1 83 0 0 0 3 7 2 0 0 2 83 0 150 0
1 83 0 0 0 3 7 3 0 0 2 83 0 150 0
1 83 0 0 0 3 7 5 0 0 2 83 0 150 0
1 83 0 0 0 3 7 6 0 0 2 83 0 150 0
1 83 0 0 0 3 7 7 0 0 2 83 0 150 0
1 83 0 0 0 3 7 8 0 0 2 83 0 150 0
1 83 0 0 0 3 7 9 0 0 2 83 0 150 0
1 83 0 0 0 3 11 11 0 0 2 83 0 150 0
1 83 0 0 0 3 11 13 0 0 2 83 0 150 0
1 83 0 0 0 3 11 14 0 0 2 83 0 150 0
1 83 0 0 0 3 12 1 0 0 2 83 0 150 0
1 83 0 0 0 3 12 2 0 0 2 83 0 150 0
1 83 0 0 0 3 12 4 0 0 2 83 0 150 0
1 83 0 0 0 3 12 5 0 0 2 83 0 150 0
1 83 0 0 0 3 12 7 0 0 2 83 0 150 0
1 83 0 0 0 3 12 8 0 0 2 83 0 150 0
1 83 0 0 0 3 12 9 0 0 2 83 0 150 0
1 83 0 0 0 3 12 10 0 0 2 83 0 150 0
1 84 0 0 0 3 2 36 0 0 2 84 0 152 0
1 84 0 0 0 3 3 0 0 0 2 84 0 152 0
1 84 0 0 0 3 4 0 0 0 2 84 0 152 0
1 84 0 0 0 3 6 0 0 0 2 84 0 152 0
1 84 0 0 0 3 11 11 0 0 2 84 0 152 0
1 84 0 0 0 3 11 13 0 0 2 84 0 152 0
1 84 0 0 0 3 11 14 0 0 2 84 0 152 0
1 84 0 0 0 3 12 1 0 0 2 84 0 152 0
1 84 0 0 0 3 12 2 0 0 2 84 0 152 0
1 84 0 0 0 3 12 8 0 0 2 84 0 152 0
1 84 0 0 0 3 12 9 0 0 2 84 0 152 0
1 85 0 0 0 3 2 36 0 0 2 85 0 153 0
1 85 0 0 0 3 3 0 0 0 2 85 0 153 0
1 85 0 0 0 3 4 0 0 0 2 85 0 153 0
1 85 0 0 0 3 6 0 0 0 2 85 0 153 0
1 85 0 0 0 3 11 11 0 0 2 85 0 153 0
1 85 0 0 0 3 11 13 0 0 2 85 0 153 0
1 85 0 0 0 3 11 14 0 0 2 85 0 153 0
1 85 0 0 0 3 12 1 0 0 2 85 0 153 0
1 85 0 0 0 3 12 2 0 0 2 85 0 153 0
1 85 0 0 0 3 12 8 0 0 2 85 0 153 0
1 85 0 0 0 3 12 9 0 0 2 85 0 153 0
65649 0
86
1 0 0 0 0 1 S_
1 0 0 0 0 0 1 1 0 0 0
1 1 0 0 0 1 Program
1 0 0 0 0 0 1 7 0 0 0
1 2 0 0 0 3 _f_00002_
1 0 0 0 0 0 3 2 45 0 0
4 0 0 0 0 0 3 12 3 0 0 3 12 1 0 0 1 3 0 0 0 1 6 0 0 0
1 0 0 0 0 0 1 68 0 0 0
1 3 0 0 0 2 _f_00003_
1 0 0 0 0 0 3 12 11 0 0
4 0 0 0 0 0 3 2 36 0 0 1 9 0 0 0 1 5 0 0 0 3 2 37 0 0
1 4 0 0 0 1 _f_00004_
2 0 0 0 0 0 3 2 44 0 0 1 9 0 0 0
1 5 0 0 0 2 _f_00005_
2 0 0 0 0 0 1 4 0 0 0 1 5 0 0 32
0 0 0 0 0 0 
1 6 0 0 0 3 _f_00006_
1 0 0 0 0 0 3 2 45 0 0
1 0 0 0 0 0 3 12 10 0 0
3 0 0 0 0 0 3 2 34 0 0 1 81 0 0 0 3 2 35 0 0
1 7 0 0 0 2 _f_00007_
2 0 0 0 0 0 1 2 0 0 0 1 7 0 0 32
0 0 0 0 0 0 
1 8 0 0 0 2 DefParInit
2 0 0 0 0 0 3 1 14 0 0 1 28 0 0 0
0 0 0 0 0 0 
1 9 0 0 0 2 DefParItem
4 0 0 0 0 0 3 12 4 0 0 3 12 2 0 0 1 14 0 0 0 1 8 0 0 0
3 0 0 0 0 0 3 12 5 0 0 3 6 0 0 0 1 8 0 0 0
1 10 0 0 0 2 Initializer
1 0 0 0 0 0 3 12 10 0 0
4 0 0 0 0 0 3 2 34 0 0 1 13 0 0 0 1 12 0 0 0 3 2 35 0 0
1 11 0 0 0 1 _f_00011_
2 0 0 0 0 0 3 2 44 0 0 1 13 0 0 0
1 12 0 0 0 2 _f_00012_
2 0 0 0 0 0 1 11 0 0 0 1 12 0 0 32
0 0 0 0 0 0 
1 13 0 0 0 2 AInitItem
1 0 0 0 0 0 1 10 0 0 0
1 0 0 0 0 0 1 28 0 0 0
1 14 0 0 0 1 DefArrDA
2 0 0 0 0 0 1 15 0 0 0 1 17 0 0 0
1 15 0 0 0 2 _f_00015_
1 0 0 0 0 0 3 12 12 0 0
3 0 0 0 0 0 3 2 38 0 0 1 28 0 0 0 3 2 39 0 0
1 16 0 0 0 1 _f_00016_
3 0 0 0 0 0 3 2 38 0 0 1 28 0 0 0 3 2 39 0 0
1 17 0 0 0 2 _f_00017_
2 0 0 0 0 0 1 16 0 0 0 1 17 0 0 32
0 0 0 0 0 0 
1 18 0 0 0 1 DefVar
2 0 0 0 0 0 3 6 0 0 0 1 19 0 0 0
1 19 0 0 0 2 _f_00019_
2 0 0 0 0 0 3 1 14 0 0 1 28 0 0 0
0 0 0 0 0 0 
1 20 0 0 0 2 DefIAV
3 0 0 0 0 0 3 12 2 0 0 1 14 0 0 0 1 21 0 0 0
1 0 0 0 0 0 1 18 0 0 0
1 21 0 0 0 2 _f_00021_
2 0 0 0 0 0 3 1 14 0 0 1 10 0 0 0
0 0 0 0 0 0 
1 22 0 0 0 2 DefItem
2 0 0 0 0 0 3 11 7 0 0 1 20 0 0 0
1 0 0 0 0 0 1 20 0 0 0
1 23 0 0 0 2 Condition
2 0 0 0 0 0 3 12 5 0 0 1 24 0 0 0
1 0 0 0 0 0 1 25 0 0 0
1 24 0 0 0 2 _f_00024_
2 0 0 0 0 0 3 11 7 0 0 1 18 0 0 0
1 0 0 0 0 0 1 18 0 0 0
1 25 0 0 0 1 Expressions
2 0 0 0 0 0 1 28 0 0 0 1 27 0 0 0
1 26 0 0 0 1 _f_00026_
2 0 0 0 0 0 3 2 44 0 0 1 28 0 0 0
1 27 0 0 0 2 _f_00027_
2 0 0 0 0 0 1 26 0 0 0 1 27 0 0 32
0 0 0 0 0 0 
1 28 0 0 0 1 Assign
2 0 0 0 0 0 1 30 0 0 0 1 29 0 0 0
1 29 0 0 0 2 _f_00029_
2 0 0 0 0 0 3 11 1 0 0 1 28 0 0 0
0 0 0 0 0 0 
1 30 0 0 0 1 Question
3 0 0 0 0 0 1 34 0 0 0 1 32 0 0 0 1 33 0 0 0
1 31 0 0 0 1 _f_00031_
2 0 0 0 0 0 3 11 3 0 0 1 34 0 0 0
1 32 0 0 0 2 _f_00032_
2 0 0 0 0 0 1 31 0 0 0 1 32 0 0 32
0 0 0 0 0 0 
1 33 0 0 0 2 _f_00033_
4 0 0 0 0 0 3 11 2 0 0 1 85 0 0 0 3 2 46 0 0 1 30 0 0 0
0 0 0 0 0 0 
1 34 0 0 0 1 AndAnd
2 0 0 0 0 0 1 37 0 0 0 1 36 0 0 0
1 35 0 0 0 1 _f_00035_
2 0 0 0 0 0 3 11 4 0 0 1 37 0 0 0
1 36 0 0 0 2 _f_00036_
2 0 0 0 0 0 1 35 0 0 0 1 36 0 0 32
0 0 0 0 0 0 
1 37 0 0 0 1 Or
2 0 0 0 0 0 1 40 0 0 0 1 39 0 0 0
1 38 0 0 0 1 _f_00038_
2 0 0 0 0 0 3 11 5 0 0 1 40 0 0 0
1 39 0 0 0 2 _f_00039_
2 0 0 0 0 0 1 38 0 0 0 1 39 0 0 32
0 0 0 0 0 0 
1 40 0 0 0 1 XOr
2 0 0 0 0 0 1 43 0 0 0 1 42 0 0 0
1 41 0 0 0 1 _f_00041_
2 0 0 0 0 0 3 11 6 0 0 1 43 0 0 0
1 42 0 0 0 2 _f_00042_
2 0 0 0 0 0 1 41 0 0 0 1 42 0 0 32
0 0 0 0 0 0 
1 43 0 0 0 1 And
2 0 0 0 0 0 1 46 0 0 0 1 45 0 0 0
1 44 0 0 0 1 _f_00044_
2 0 0 0 0 0 3 11 7 0 0 1 46 0 0 0
1 45 0 0 0 2 _f_00045_
2 0 0 0 0 0 1 44 0 0 0 1 45 0 0 32
0 0 0 0 0 0 
1 46 0 0 0 1 Equ
2 0 0 0 0 0 1 49 0 0 0 1 48 0 0 0
1 47 0 0 0 1 _f_00047_
2 0 0 0 0 0 3 11 8 0 0 1 49 0 0 0
1 48 0 0 0 2 _f_00048_
2 0 0 0 0 0 1 47 0 0 0 1 48 0 0 32
0 0 0 0 0 0 
1 49 0 0 0 1 Compare
2 0 0 0 0 0 1 52 0 0 0 1 51 0 0 0
1 50 0 0 0 1 _f_00050_
2 0 0 0 0 0 3 11 9 0 0 1 52 0 0 0
1 51 0 0 0 2 _f_00051_
2 0 0 0 0 0 1 50 0 0 0 1 51 0 0 32
0 0 0 0 0 0 
1 52 0 0 0 1 Shift
2 0 0 0 0 0 1 55 0 0 0 1 54 0 0 0
1 53 0 0 0 1 _f_00053_
2 0 0 0 0 0 3 11 10 0 0 1 55 0 0 0
1 54 0 0 0 2 _f_00054_
2 0 0 0 0 0 1 53 0 0 0 1 54 0 0 32
0 0 0 0 0 0 
1 55 0 0 0 1 Term
2 0 0 0 0 0 1 58 0 0 0 1 57 0 0 0
1 56 0 0 0 1 _f_00056_
2 0 0 0 0 0 3 11 11 0 0 1 58 0 0 0
1 57 0 0 0 2 _f_00057_
2 0 0 0 0 0 1 56 0 0 0 1 57 0 0 32
0 0 0 0 0 0 
1 58 0 0 0 1 Factor
2 0 0 0 0 0 1 61 0 0 0 1 60 0 0 0
1 59 0 0 0 1 _f_00059_
2 0 0 0 0 0 3 11 12 0 0 1 61 0 0 0
1 60 0 0 0 2 _f_00060_
2 0 0 0 0 0 1 59 0 0 0 1 60 0 0 32
0 0 0 0 0 0 
1 61 0 0 0 5 Unary
2 0 0 0 0 0 3 11 13 0 0 1 61 0 0 32
2 0 0 0 0 0 3 11 11 0 0 1 61 0 0 32
2 0 0 0 0 0 3 11 14 0 0 1 61 0 0 32
2 0 0 0 0 0 3 12 9 0 0 1 61 0 0 32
2 0 0 0 0 0 1 62 0 0 0 1 66 0 0 0
1 62 0 0 0 7 _f_00062_
1 0 0 0 0 0 3 3 0 0 0
1 0 0 0 0 0 3 4 0 0 0
2 0 0 0 0 0 3 12 2 0 0 1 64 0 0 0
2 0 0 0 0 0 3 12 1 0 0 1 65 0 0 0
2 0 0 0 0 0 3 12 8 0 0 1 67 0 0 0
1 0 0 0 0 0 3 6 0 0 0
1 0 0 0 0 0 1 67 0 0 0
1 63 0 0 0 1 _f_00063_
3 0 0 0 0 0 3 2 38 0 0 1 85 0 0 0 3 2 39 0 0
1 64 0 0 0 2 _f_00064_
2 0 0 0 0 0 1 63 0 0 0 1 64 0 0 32
0 0 0 0 0 0 
1 65 0 0 0 2 _f_00065_
1 0 0 0 0 0 3 12 11 0 0
3 0 0 0 0 0 3 2 36 0 0 1 25 0 0 0 3 2 37 0 0
1 66 0 0 0 2 _f_00066_
1 0 0 0 0 0 3 11 14 0 0
0 0 0 0 0 0 
1 67 0 0 0 1 Primary
3 0 0 0 0 0 3 2 36 0 0 1 25 0 0 0 3 2 37 0 0
1 68 0 0 0 1 DefineSemi
4 0 0 0 0 0 1 69 0 0 0 1 22 0 0 0 1 71 0 0 0 3 2 45 0 0
1 69 0 0 0 2 _f_00069_
1 0 0 0 0 0 3 12 4 0 0
1 0 0 0 0 0 3 12 5 0 0
1 70 0 0 0 1 _f_00070_
2 0 0 0 0 0 3 2 44 0 0 1 22 0 0 0
1 71 0 0 0 2 _f_00071_
2 0 0 0 0 0 1 70 0 0 0 1 71 0 0 32
0 0 0 0 0 0 
1 72 0 0 0 1 ExprSemi
2 0 0 0 0 0 1 84 0 0 0 3 2 45 0 0
1 73 0 0 0 4 DefExpr
1 0 0 0 0 0 3 2 45 0 0
1 0 0 0 0 0 1 68 0 0 0
1 0 0 0 0 0 1 74 0 0 0
1 0 0 0 0 0 1 72 0 0 0
1 74 0 0 0 10 _f_00074_
3 0 0 0 0 0 3 12 7 0 0 3 2 46 0 0 1 73 0 0 0
6 0 0 0 0 0 3 7 3 0 0 3 2 36 0 0 1 23 0 0 0 3 2 37 0 0 1 73 0 0 0 1 75 0 0 0
7 0 0 0 0 0 3 7 5 0 0 1 73 0 0 0 3 7 2 0 0 3 2 36 0 0 1 23 0 0 0 3 2 37 0 0 3 2 45 0 0
5 0 0 0 0 0 3 7 2 0 0 3 2 36 0 0 1 23 0 0 0 3 2 37 0 0 1 73 0 0 0
6 0 0 0 0 0 3 7 1 0 0 3 2 36 0 0 1 76 0 0 0 1 77 0 0 0 1 78 0 0 0 1 73 0 0 0
3 0 0 0 0 0 3 7 6 0 0 3 6 0 0 0 3 2 45 0 0
2 0 0 0 0 0 3 7 8 0 0 3 2 45 0 0
2 0 0 0 0 0 3 7 7 0 0 3 2 45 0 0
3 0 0 0 0 0 3 7 9 0 0 1 79 0 0 0 3 2 45 0 0
1 0 0 0 0 0 1 80 0 0 0
1 75 0 0 0 2 _f_00075_
2 0 0 0 0 0 3 7 4 0 0 1 73 0 0 0
0 0 0 0 0 0 
1 76 0 0 0 3 _f_00076_
1 0 0 0 0 0 3 2 45 0 0
1 0 0 0 0 0 1 68 0 0 0
1 0 0 0 0 0 1 72 0 0 0
1 77 0 0 0 2 _f_00077_
1 0 0 0 0 0 3 2 45 0 0
2 0 0 0 0 0 1 23 0 0 0 3 2 45 0 0
1 78 0 0 0 2 _f_00078_
1 0 0 0 0 0 3 2 37 0 0
2 0 0 0 0 0 1 84 0 0 0 3 2 37 0 0
1 79 0 0 0 2 _f_00079_
1 0 0 0 0 0 1 85 0 0 0
0 0 0 0 0 0 
1 80 0 0 0 2 _f_00080_
1 0 0 0 0 0 3 12 10 0 0
3 0 0 0 0 0 3 2 34 0 0 1 81 0 0 0 3 2 35 0 0
1 81 0 0 0 1 StmExpr
1 0 0 0 0 0 1 83 0 0 0
1 82 0 0 0 1 _f_00082_
1 0 0 0 0 0 1 73 0 0 0
1 83 0 0 0 2 _f_00083_
2 0 0 0 0 0 1 82 0 0 0 1 83 0 0 32
0 0 0 0 0 0 
1 84 0 0 0 1 ExpressionExpression
1 0 0 0 0 0 1 25 0 0 0
1 85 0 0 0 1 ExpressionValue
1 0 0 0 0 0 1 25 0 0 0
0
