2
0
262146 0
106
1 0 0 0 0 1 S_
1 0 0 0 0 0 1 1 0 0 0
1 1 0 0 0 1 Program
1 0 0 0 0 0 1 100 0 0 0
1 2 0 0 0 4 DefParType
3 0 0 0 0 0 3 7 24 0 0 3 12 6 0 0 3 1 16 0 0
2 0 0 0 0 0 3 12 6 0 0 3 1 16 0 0
2 0 0 0 0 0 3 7 24 0 0 3 12 6 0 0
1 0 0 0 0 0 3 12 6 0 0
1 3 0 0 0 1 DefBegParVar
2 0 0 0 0 0 1 2 0 0 0 3 6 0 0 0
1 4 0 0 0 2 DefParVar
3 0 0 0 0 0 1 3 0 0 0 3 1 14 0 0 1 55 0 0 0
1 0 0 0 0 0 1 3 0 0 0
1 5 0 0 0 1 DefBegParArr
3 0 0 0 0 0 1 2 0 0 0 3 6 0 0 0 1 31 0 0 0
1 6 0 0 0 2 DefParArr
3 0 0 0 0 0 1 5 0 0 0 3 1 14 0 0 1 55 0 0 0
1 0 0 0 0 0 1 5 0 0 0
1 7 0 0 0 2 DefParItem
1 0 0 0 0 0 1 6 0 0 0
1 0 0 0 0 0 1 4 0 0 0
1 8 0 0 0 2 DefParams
3 0 0 0 0 0 1 8 0 0 32 3 2 44 0 0 1 7 0 0 0
1 0 0 0 0 0 1 7 0 0 0
1 9 0 0 0 3 BodyFunc
1 0 0 0 0 0 3 2 45 0 0
2 0 0 0 0 0 3 2 34 0 0 3 2 35 0 0
3 0 0 0 0 0 3 2 34 0 0 1 97 0 0 0 3 2 35 0 0
1 10 0 0 0 2 DefFuncParBody
1 0 0 0 0 0 3 2 37 0 0
2 0 0 0 0 0 1 8 0 0 0 3 2 37 0 0
1 11 0 0 0 1 DefParBodyFunc
2 0 0 0 0 0 1 10 0 0 0 1 9 0 0 0
1 12 0 0 0 2 DefVoidType
2 0 0 0 0 0 3 7 25 0 0 3 7 17 0 0
1 0 0 0 0 0 3 7 17 0 0
1 13 0 0 0 4 DefType
3 0 0 0 0 0 3 7 25 0 0 3 7 24 0 0 3 12 6 0 0
2 0 0 0 0 0 3 7 25 0 0 3 12 6 0 0
2 0 0 0 0 0 3 7 24 0 0 3 12 6 0 0
1 0 0 0 0 0 3 12 6 0 0
1 14 0 0 0 2 CommaDefItem
3 0 0 0 0 0 1 14 0 0 32 3 2 44 0 0 1 39 0 0 0
1 0 0 0 0 0 1 39 0 0 0
1 15 0 0 0 1 Define
2 0 0 0 0 0 1 13 0 0 0 1 14 0 0 0
1 16 0 0 0 4 DefineBegRanges
2 0 0 0 0 0 3 2 39 0 0 1 30 0 0 0
1 0 0 0 0 0 3 2 39 0 0
3 0 0 0 0 0 1 55 0 0 0 3 2 39 0 0 1 30 0 0 0
2 0 0 0 0 0 1 55 0 0 0 3 2 39 0 0
1 17 0 0 0 1 DefineBegArr
1 0 0 0 0 0 1 16 0 0 0
1 18 0 0 0 2 DefineArr
3 0 0 0 0 0 1 19 0 0 0 3 1 14 0 0 1 28 0 0 0
1 0 0 0 0 0 1 19 0 0 0
1 19 0 0 0 1 IdentLeftScrape
3 0 0 0 0 0 3 6 0 0 0 3 2 38 0 0 1 17 0 0 0
1 20 0 0 0 2 DefineVarAssign
3 0 0 0 0 0 3 2 44 0 0 1 14 0 0 0 3 2 45 0 0
1 0 0 0 0 0 3 2 45 0 0
1 21 0 0 0 1 DefVariableAssign
3 0 0 0 0 0 3 6 0 0 0 3 1 14 0 0 1 55 0 0 0
1 22 0 0 0 1 DefVarComma
1 0 0 0 0 0 3 6 0 0 0
1 23 0 0 0 1 DefVarSemicolon
1 0 0 0 0 0 3 6 0 0 0
1 24 0 0 0 6 DefFuncArrVar
4 0 0 0 0 0 1 13 0 0 0 3 6 0 0 0 3 2 36 0 0 1 11 0 0 0
5 0 0 0 0 0 1 13 0 0 0 1 18 0 0 0 3 2 44 0 0 1 14 0 0 0 3 2 45 0 0
3 0 0 0 0 0 1 13 0 0 0 1 18 0 0 0 3 2 45 0 0
3 0 0 0 0 0 1 13 0 0 0 1 21 0 0 0 1 20 0 0 0
5 0 0 0 0 0 1 13 0 0 0 1 22 0 0 0 3 2 44 0 0 1 14 0 0 0 3 2 45 0 0
3 0 0 0 0 0 1 13 0 0 0 1 23 0 0 0 3 2 45 0 0
1 25 0 0 0 2 DefFuncDefine
4 0 0 0 0 0 1 12 0 0 0 3 6 0 0 0 3 2 36 0 0 1 11 0 0 0
1 0 0 0 0 0 1 24 0 0 0
1 26 0 0 0 2 AInitItem
1 0 0 0 0 0 1 28 0 0 0
1 0 0 0 0 0 1 55 0 0 0
1 27 0 0 0 2 AInitial
3 0 0 0 0 0 1 27 0 0 32 3 2 44 0 0 1 26 0 0 0
1 0 0 0 0 0 1 26 0 0 0
1 28 0 0 0 2 Initializer
2 0 0 0 0 0 3 2 34 0 0 3 2 35 0 0
3 0 0 0 0 0 3 2 34 0 0 1 27 0 0 0 3 2 35 0 0
1 29 0 0 0 1 DefRange
3 0 0 0 0 0 3 2 38 0 0 1 55 0 0 0 3 2 39 0 0
1 30 0 0 0 2 DefRanges
2 0 0 0 0 0 1 30 0 0 32 1 29 0 0 0
1 0 0 0 0 0 1 29 0 0 0
1 31 0 0 0 3 DefBegRanges
3 0 0 0 0 0 3 2 38 0 0 3 2 39 0 0 1 30 0 0 0
2 0 0 0 0 0 3 2 38 0 0 3 2 39 0 0
1 0 0 0 0 0 1 30 0 0 0
1 32 0 0 0 1 DefBegArr
2 0 0 0 0 0 3 6 0 0 0 1 31 0 0 0
1 33 0 0 0 2 DefArr
3 0 0 0 0 0 1 32 0 0 0 3 1 14 0 0 1 28 0 0 0
1 0 0 0 0 0 1 32 0 0 0
1 34 0 0 0 1 DefVarIdent
1 0 0 0 0 0 3 6 0 0 0
1 35 0 0 0 1 DefVarAssign
2 0 0 0 0 0 3 1 14 0 0 1 55 0 0 0
1 36 0 0 0 2 DefVar
2 0 0 0 0 0 1 34 0 0 0 1 35 0 0 0
1 0 0 0 0 0 1 34 0 0 0
1 37 0 0 0 2 DefIAV
1 0 0 0 0 0 1 33 0 0 0
1 0 0 0 0 0 1 36 0 0 0
1 38 0 0 0 1 RefDefIAV
2 0 0 0 0 0 3 1 16 0 0 1 37 0 0 0
1 39 0 0 0 2 DefItem
1 0 0 0 0 0 1 38 0 0 0
1 0 0 0 0 0 1 37 0 0 0
1 40 0 0 0 2 Expressions
3 0 0 0 0 0 1 40 0 0 32 3 2 44 0 0 1 55 0 0 0
1 0 0 0 0 0 1 55 0 0 0
1 41 0 0 0 11 PriorAssign
1 0 0 0 0 0 3 1 6 0 0
1 0 0 0 0 0 3 1 7 0 0
1 0 0 0 0 0 3 1 8 0 0
1 0 0 0 0 0 3 1 9 0 0
1 0 0 0 0 0 3 1 10 0 0
1 0 0 0 0 0 3 1 14 0 0
1 0 0 0 0 0 3 1 12 0 0
1 0 0 0 0 0 3 1 13 0 0
1 0 0 0 0 0 3 1 11 0 0
1 0 0 0 0 0 3 1 32 0 0
1 0 0 0 0 0 3 1 33 0 0
1 42 0 0 0 1 PriorQuestion
1 0 0 0 0 0 3 1 40 0 0
1 43 0 0 0 1 PriorOrOr
1 0 0 0 0 0 3 1 17 0 0
1 44 0 0 0 1 PriorAndAnd
1 0 0 0 0 0 3 1 18 0 0
1 45 0 0 0 1 PriorOr
1 0 0 0 0 0 3 1 15 0 0
1 46 0 0 0 1 PriorXOr
1 0 0 0 0 0 3 1 19 0 0
1 47 0 0 0 1 PriorAnd
1 0 0 0 0 0 3 1 16 0 0
1 48 0 0 0 2 PriorEqu
1 0 0 0 0 0 3 1 24 0 0
1 0 0 0 0 0 3 1 25 0 0
1 49 0 0 0 4 PriorCompare
1 0 0 0 0 0 3 1 27 0 0
1 0 0 0 0 0 3 1 26 0 0
1 0 0 0 0 0 3 1 29 0 0
1 0 0 0 0 0 3 1 28 0 0
1 50 0 0 0 2 PriorShift
1 0 0 0 0 0 3 1 30 0 0
1 0 0 0 0 0 3 1 31 0 0
1 51 0 0 0 2 PriorTerm
1 0 0 0 0 0 3 1 1 0 0
1 0 0 0 0 0 3 1 2 0 0
1 52 0 0 0 3 PriorFactor
1 0 0 0 0 0 3 1 3 0 0
1 0 0 0 0 0 3 1 4 0 0
1 0 0 0 0 0 3 1 5 0 0
1 53 0 0 0 2 PriorUnary
1 0 0 0 0 0 3 1 21 0 0
1 0 0 0 0 0 3 1 20 0 0
1 54 0 0 0 2 PriorIncDec
1 0 0 0 0 0 3 1 22 0 0
1 0 0 0 0 0 3 1 23 0 0
1 55 0 0 0 2 Assign
3 0 0 0 0 0 1 56 0 0 0 1 41 0 0 0 1 55 0 0 32
1 0 0 0 0 0 1 56 0 0 0
1 56 0 0 0 2 Question
5 0 0 0 0 0 1 57 0 0 0 1 42 0 0 0 1 104 0 0 0 3 2 46 0 0 1 56 0 0 32
1 0 0 0 0 0 1 57 0 0 0
1 57 0 0 0 2 OrOr
3 0 0 0 0 0 1 57 0 0 32 1 43 0 0 0 1 58 0 0 0
1 0 0 0 0 0 1 58 0 0 0
1 58 0 0 0 2 AndAnd
3 0 0 0 0 0 1 58 0 0 32 1 44 0 0 0 1 59 0 0 0
1 0 0 0 0 0 1 59 0 0 0
1 59 0 0 0 2 Or
3 0 0 0 0 0 1 59 0 0 32 1 45 0 0 0 1 60 0 0 0
1 0 0 0 0 0 1 60 0 0 0
1 60 0 0 0 2 XOr
3 0 0 0 0 0 1 60 0 0 32 1 46 0 0 0 1 61 0 0 0
1 0 0 0 0 0 1 61 0 0 0
1 61 0 0 0 2 And
3 0 0 0 0 0 1 61 0 0 32 1 47 0 0 0 1 62 0 0 0
1 0 0 0 0 0 1 62 0 0 0
1 62 0 0 0 2 Equ
3 0 0 0 0 0 1 62 0 0 32 1 48 0 0 0 1 63 0 0 0
1 0 0 0 0 0 1 63 0 0 0
1 63 0 0 0 2 Compare
3 0 0 0 0 0 1 63 0 0 32 1 49 0 0 0 1 64 0 0 0
1 0 0 0 0 0 1 64 0 0 0
1 64 0 0 0 2 Shift
3 0 0 0 0 0 1 64 0 0 32 1 50 0 0 0 1 65 0 0 0
1 0 0 0 0 0 1 65 0 0 0
1 65 0 0 0 2 Term
3 0 0 0 0 0 1 65 0 0 32 1 51 0 0 0 1 66 0 0 0
1 0 0 0 0 0 1 66 0 0 0
1 66 0 0 0 2 Factor
3 0 0 0 0 0 1 66 0 0 32 1 52 0 0 0 1 69 0 0 0
1 0 0 0 0 0 1 69 0 0 0
1 67 0 0 0 2 UnaryIncDec
2 0 0 0 0 0 1 71 0 0 0 1 54 0 0 0
1 0 0 0 0 0 1 71 0 0 0
1 68 0 0 0 2 DefTypeCast
2 0 0 0 0 0 3 7 24 0 0 3 12 6 0 0
1 0 0 0 0 0 3 12 6 0 0
1 69 0 0 0 5 Unary
2 0 0 0 0 0 1 53 0 0 0 1 69 0 0 32
2 0 0 0 0 0 1 51 0 0 0 1 69 0 0 32
2 0 0 0 0 0 1 54 0 0 0 1 69 0 0 32
4 0 0 0 0 0 3 2 36 0 0 1 68 0 0 0 3 2 37 0 0 1 69 0 0 32
1 0 0 0 0 0 1 67 0 0 0
1 70 0 0 0 1 Primary
3 0 0 0 0 0 3 2 36 0 0 1 103 0 0 0 3 2 37 0 0
1 71 0 0 0 7 PrimaryExpr
1 0 0 0 0 0 3 3 0 0 0
1 0 0 0 0 0 3 4 0 0 0
2 0 0 0 0 0 3 6 0 0 0 1 73 0 0 0
2 0 0 0 0 0 3 6 0 0 0 1 74 0 0 0
2 0 0 0 0 0 3 12 6 0 0 1 70 0 0 0
1 0 0 0 0 0 3 6 0 0 0
1 0 0 0 0 0 1 70 0 0 0
1 72 0 0 0 1 Range
3 0 0 0 0 0 3 2 38 0 0 1 104 0 0 0 3 2 39 0 0
1 73 0 0 0 2 Ranges
2 0 0 0 0 0 1 73 0 0 32 1 72 0 0 0
1 0 0 0 0 0 1 72 0 0 0
1 74 0 0 0 2 CallParams
2 0 0 0 0 0 3 2 36 0 0 3 2 37 0 0
3 0 0 0 0 0 3 2 36 0 0 1 105 0 0 0 3 2 37 0 0
1 75 0 0 0 2 CompaundStmnt
2 0 0 0 0 0 3 2 34 0 0 3 2 35 0 0
3 0 0 0 0 0 3 2 34 0 0 1 97 0 0 0 3 2 35 0 0
1 76 0 0 0 2 ConditionVar
2 0 0 0 0 0 3 1 16 0 0 1 36 0 0 0
1 0 0 0 0 0 1 36 0 0 0
1 77 0 0 0 2 Condition
2 0 0 0 0 0 1 13 0 0 0 1 76 0 0 0
1 0 0 0 0 0 1 102 0 0 0
1 78 0 0 0 3 ForPrefix
1 0 0 0 0 0 3 2 45 0 0
1 0 0 0 0 0 1 93 0 0 0
1 0 0 0 0 0 1 94 0 0 0
1 79 0 0 0 2 ForCondition
1 0 0 0 0 0 3 2 45 0 0
2 0 0 0 0 0 1 77 0 0 0 3 2 45 0 0
1 80 0 0 0 2 ForPostfix
1 0 0 0 0 0 3 2 37 0 0
2 0 0 0 0 0 1 101 0 0 0 3 2 37 0 0
1 81 0 0 0 1 ForStmnt
6 0 0 0 0 0 3 7 1 0 0 3 2 36 0 0 1 78 0 0 0 1 79 0 0 0 1 80 0 0 0 1 95 0 0 0
1 82 0 0 0 1 DoStmnt
7 0 0 0 0 0 3 7 5 0 0 1 95 0 0 0 3 7 2 0 0 3 2 36 0 0 1 77 0 0 0 3 2 37 0 0 3 2 45 0 0
1 83 0 0 0 1 WhileStmnt
5 0 0 0 0 0 3 7 2 0 0 3 2 36 0 0 1 77 0 0 0 3 2 37 0 0 1 95 0 0 0
1 84 0 0 0 1 GoToStmnt
3 0 0 0 0 0 3 7 6 0 0 3 6 0 0 0 3 2 45 0 0
1 85 0 0 0 1 BreakStmnt
2 0 0 0 0 0 3 7 8 0 0 3 2 45 0 0
1 86 0 0 0 1 ContinueStmnt
2 0 0 0 0 0 3 7 7 0 0 3 2 45 0 0
1 87 0 0 0 2 ReturnValue
1 0 0 0 0 0 3 2 45 0 0
2 0 0 0 0 0 1 104 0 0 0 3 2 45 0 0
1 88 0 0 0 1 ReturnStmnt
2 0 0 0 0 0 3 7 9 0 0 1 87 0 0 0
1 89 0 0 0 1 BegIfStmnt
5 0 0 0 0 0 3 7 3 0 0 3 2 36 0 0 1 77 0 0 0 3 2 37 0 0 1 95 0 0 0
1 90 0 0 0 1 LabelIdent
2 0 0 0 0 0 3 6 0 0 0 3 2 46 0 0
1 91 0 0 0 1 LabelList
1 0 0 0 0 0 1 90 0 0 0
1 92 0 0 0 11 Statement
3 0 0 0 0 0 1 89 0 0 0 3 7 4 0 0 1 95 0 0 0
1 0 0 0 0 0 1 89 0 0 0
2 0 0 0 0 0 1 91 0 0 0 1 95 0 0 0
1 0 0 0 0 0 1 82 0 0 0
1 0 0 0 0 0 1 83 0 0 0
1 0 0 0 0 0 1 81 0 0 0
1 0 0 0 0 0 1 84 0 0 0
1 0 0 0 0 0 1 85 0 0 0
1 0 0 0 0 0 1 86 0 0 0
1 0 0 0 0 0 1 88 0 0 0
1 0 0 0 0 0 1 75 0 0 0
1 93 0 0 0 1 DefineSemi
2 0 0 0 0 0 1 15 0 0 0 3 2 45 0 0
1 94 0 0 0 1 ExprSemi
2 0 0 0 0 0 1 101 0 0 0 3 2 45 0 0
1 95 0 0 0 4 DefExpr
1 0 0 0 0 0 3 2 45 0 0
1 0 0 0 0 0 1 93 0 0 0
1 0 0 0 0 0 1 92 0 0 0
1 0 0 0 0 0 1 94 0 0 0
1 96 0 0 0 2 StmExprList
2 0 0 0 0 0 1 96 0 0 32 1 95 0 0 0
1 0 0 0 0 0 1 95 0 0 0
1 97 0 0 0 1 StmExpr
1 0 0 0 0 0 1 96 0 0 0
1 98 0 0 0 2 DefFAV
1 0 0 0 0 0 3 2 45 0 0
1 0 0 0 0 0 1 25 0 0 0
1 99 0 0 0 2 DefinesList
2 0 0 0 0 0 1 99 0 0 32 1 98 0 0 0
1 0 0 0 0 0 1 98 0 0 0
1 100 0 0 0 1 Defines
1 0 0 0 0 0 1 99 0 0 0
1 101 0 0 0 1 ExpressionExpression
1 0 0 0 0 0 1 40 0 0 0
1 102 0 0 0 1 ExpressionCondition
1 0 0 0 0 0 1 40 0 0 0
1 103 0 0 0 1 ExpressionNone
1 0 0 0 0 0 1 40 0 0 0
1 104 0 0 0 1 ExpressionValue
1 0 0 0 0 0 1 40 0 0 0
1 105 0 0 0 1 ExpressionValueList
1 0 0 0 0 0 1 40 0 0 0
0
