1
0
327681 0
10
1 0 0 0 0 1 Z
1 0 0 0 0 0 1 1 0 0 0
1 1 0 0 0 1 E
2 0 0 0 0 0 1 5 0 0 0 1 4 0 0 0
1 2 0 0 0 1 _f_00002_
2 0 0 0 0 0 1 3 0 0 0 1 5 0 0 0
1 3 0 0 0 2 _f_00003_
1 0 0 0 0 0 3 1 1 0 0
1 0 0 0 0 0 3 1 2 0 0
1 4 0 0 0 2 _f_00004_
2 0 0 0 0 0 1 2 0 0 0 1 4 0 0 32
0 0 0 0 0 0 
1 5 0 0 0 1 T
2 0 0 0 0 0 1 9 0 0 0 1 8 0 0 0
1 6 0 0 0 1 _f_00006_
2 0 0 0 0 0 1 7 0 0 0 1 9 0 0 0
1 7 0 0 0 2 _f_00007_
1 0 0 0 0 0 3 1 3 0 0
1 0 0 0 0 0 3 1 4 0 0
1 8 0 0 0 2 _f_00008_
2 0 0 0 0 0 1 6 0 0 0 1 8 0 0 32
0 0 0 0 0 0 
1 9 0 0 0 4 F
3 0 0 0 0 0 3 2 36 0 0 1 1 0 0 0 3 2 37 0 0
1 0 0 0 0 0 3 3 0 0 0
1 0 0 0 0 0 3 4 0 0 0
1 0 0 0 0 0 3 6 0 0 0
0
