1
0
593265 0
91
1 S_
1 0 0 0 0 0 1 1 0 0 0
1 Program
1 0 0 0 0 0 1 85 0 0 0
2 DefParInit
2 0 0 0 0 0 3 1 14 0 0 1 33 0 0 0
0 0 0 0 0 0 
1 DefParVar
7 0 0 0 0 0 3 12 5 0 0 7 0 0 0 256 3 6 0 0 0 7 14 1 1 2 1 2 0 0 0 7 14 1 2 2 7 14 0 66 512
1 DefParArr
9 0 0 0 0 0 3 12 4 0 0 7 0 0 0 256 3 12 2 0 0 7 15 1 1 2 1 19 0 0 0 7 15 0 4099 512 1 2 0 0 0 7 15 1 2 2 7 15 2 129 512
2 DefPar
1 0 0 0 0 0 1 4 0 0 0
1 0 0 0 0 0 1 3 0 0 0
1 DefParItem
1 0 0 0 0 0 1 5 0 0 0
2 DefParList
4 0 0 0 0 0 3 2 44 0 0 1 6 0 0 0 7 3 6 0 256 1 7 0 0 32
0 0 0 0 0 0 
1 DefParams
5 0 0 0 0 0 7 17 1 1 2 1 6 0 0 0 7 17 1 129 512 1 7 0 0 0 7 17 1 2 2
3 BodyFunc
1 0 0 0 0 0 3 2 45 0 0
3 0 0 0 0 0 3 12 10 0 0 7 35 0 0 2 7 35 0 1 512
4 0 0 0 0 0 3 2 34 0 0 1 82 0 0 0 7 0 0 1 512 3 2 35 0 0
2 DefFuncParam
2 0 0 0 0 0 3 12 11 0 0 7 16 0 4 2
5 0 0 0 0 0 3 2 36 0 0 1 8 0 0 0 7 16 1 4 2 7 0 0 1 512 3 2 37 0 0
1 DefFunc
12 0 0 0 0 0 3 12 3 0 0 7 16 0 1 2 7 16 0 0 512 3 12 1 0 0 7 16 1 0 512 7 16 0 2 2 1 10 0 0 0 7 16 2 0 512 1 9 0 0 0 7 16 0 8 2 7 16 0 16 2 7 16 3 0 512
2 AInitialList
4 0 0 0 0 0 3 2 44 0 0 1 15 0 0 0 7 3 6 0 256 1 12 0 0 32
0 0 0 0 0 0 
1 AInitial
3 0 0 0 0 0 1 15 0 0 0 7 3 6 0 256 1 12 0 0 0
2 Initializer
4 0 0 0 0 0 3 12 10 0 0 7 33 0 1 2 7 33 0 2 2 7 33 0 0 512
6 0 0 0 0 0 3 2 34 0 0 7 33 0 1 2 7 33 0 128 512 1 13 0 0 0 7 33 0 2 2 3 2 35 0 0
2 AInitItem
1 0 0 0 0 0 1 14 0 0 0
1 0 0 0 0 0 1 33 0 0 0
2 DefAInit
2 0 0 0 0 0 3 1 14 0 0 1 14 0 0 0
0 0 0 0 0 0 
2 DRanges
5 0 0 0 0 0 3 2 38 0 0 1 33 0 0 0 7 3 10 0 256 3 2 39 0 0 1 17 0 0 32
0 0 0 0 0 0 
2 DefArrD1A
3 0 0 0 0 0 3 12 12 0 0 7 35 0 0 2 7 34 5 0 512
4 0 0 0 0 0 3 2 38 0 0 1 33 0 0 0 7 34 2 1 512 3 2 39 0 0
1 DefArrDA
5 0 0 0 0 0 7 33 0 1 2 1 18 0 0 0 7 0 0 129 512 1 17 0 0 0 7 33 0 2 2
1 DefArr
8 0 0 0 0 0 3 12 2 0 0 7 15 0 1 2 1 19 0 0 0 7 15 0 4 2 7 15 0 4096 512 1 16 0 0 0 7 15 0 2 2 7 15 2 129 512
2 DefVarInit
2 0 0 0 0 0 3 1 14 0 0 1 33 0 0 0
0 0 0 0 0 0 
1 DefVar
5 0 0 0 0 0 3 6 0 0 0 7 14 0 1 2 1 21 0 0 0 7 14 0 2 2 7 14 0 64 512
2 DefIAV
1 0 0 0 0 0 1 20 0 0 0
1 0 0 0 0 0 1 22 0 0 0
2 DefItem
4 0 0 0 0 0 3 11 7 0 0 1 23 0 0 0 7 38 0 0 2 7 38 0 1 512
1 0 0 0 0 0 1 23 0 0 0
2 DefType
1 0 0 0 0 0 3 12 4 0 0
1 0 0 0 0 0 3 12 5 0 0
2 DefineList
4 0 0 0 0 0 3 2 44 0 0 1 24 0 0 0 7 3 6 0 256 1 26 0 0 32
0 0 0 0 0 0 
1 Define
8 0 0 0 0 0 1 25 0 0 0 7 17 0 1 2 7 17 0 4 512 1 24 0 0 0 7 3 2 0 256 1 26 0 0 0 7 17 0 2 2 7 17 2 0 512
2 ConditionDef
4 0 0 0 0 0 3 11 7 0 0 1 22 0 0 0 7 38 0 0 2 7 38 0 1 512
1 0 0 0 0 0 1 22 0 0 0
2 Condition
5 0 0 0 0 0 3 12 5 0 0 7 37 0 0 8 1 28 0 0 0 7 35 0 0 8 7 0 0 1 512
1 0 0 0 0 0 1 87 0 0 0
2 ExprList
4 0 0 0 0 0 3 2 44 0 0 1 33 0 0 0 7 3 6 0 256 1 30 0 0 32
0 0 0 0 0 0 
1 PriorAssign
1 0 0 0 0 0 3 11 1 0 0
2 AssignList
6 0 0 0 0 0 1 31 0 0 0 7 3 0 1 2 7 0 2 2 512 1 33 0 0 0 7 3 0 2 2 7 3 0 66 512
0 0 0 0 0 0 
1 Assign
3 0 0 0 0 0 1 35 0 0 0 7 0 0 129 512 1 32 0 0 0
2 QuestionList
8 0 0 0 0 0 3 11 2 0 0 7 5 0 1 2 1 89 0 0 0 7 5 0 0 512 3 2 46 0 0 1 35 0 0 0 7 5 1 0 512 7 5 0 2 2
0 0 0 0 0 0 
1 Question
3 0 0 0 0 0 1 36 0 0 0 7 0 0 129 512 1 34 0 0 0
1 OrOr
3 0 0 0 0 0 1 38 0 0 0 7 0 0 129 512 1 37 0 0 0
2 OrOr_
6 0 0 0 0 0 3 11 3 0 0 7 3 0 1 2 1 38 0 0 0 7 3 0 2 2 7 3 0 8259 512 1 37 0 0 32
0 0 0 0 0 0 
1 AndAnd
3 0 0 0 0 0 1 40 0 0 0 7 0 0 129 512 1 39 0 0 0
2 AndAnd_
6 0 0 0 0 0 3 11 4 0 0 7 3 0 1 2 1 40 0 0 0 7 3 0 2 2 7 3 0 8259 512 1 39 0 0 32
0 0 0 0 0 0 
1 Or
3 0 0 0 0 0 1 42 0 0 0 7 0 0 129 512 1 41 0 0 0
2 Or_
6 0 0 0 0 0 3 11 5 0 0 7 3 0 1 2 1 42 0 0 0 7 3 0 2 2 7 3 0 8259 512 1 41 0 0 32
0 0 0 0 0 0 
1 XOr
3 0 0 0 0 0 1 44 0 0 0 7 0 0 129 512 1 43 0 0 0
2 XOr_
6 0 0 0 0 0 3 11 6 0 0 7 3 0 1 2 1 44 0 0 0 7 3 0 2 2 7 3 0 8259 512 1 43 0 0 32
0 0 0 0 0 0 
1 And
3 0 0 0 0 0 1 46 0 0 0 7 0 0 129 512 1 45 0 0 0
2 And_
6 0 0 0 0 0 3 11 7 0 0 7 3 0 1 2 1 46 0 0 0 7 3 0 2 2 7 3 0 8259 512 1 45 0 0 32
0 0 0 0 0 0 
1 Equ
3 0 0 0 0 0 1 48 0 0 0 7 0 0 129 512 1 47 0 0 0
2 Equ_
6 0 0 0 0 0 3 11 8 0 0 7 3 0 1 2 1 48 0 0 0 7 3 0 2 2 7 3 0 8259 512 1 47 0 0 32
0 0 0 0 0 0 
1 Compare
3 0 0 0 0 0 1 50 0 0 0 7 0 0 129 512 1 49 0 0 0
2 Compare_
6 0 0 0 0 0 3 11 9 0 0 7 3 0 1 2 1 50 0 0 0 7 3 0 2 2 7 3 0 8259 512 1 49 0 0 32
0 0 0 0 0 0 
1 Shift
3 0 0 0 0 0 1 52 0 0 0 7 0 0 129 512 1 51 0 0 0
2 Shift_
6 0 0 0 0 0 3 11 10 0 0 7 3 0 1 2 1 52 0 0 0 7 3 0 2 2 7 3 0 8259 512 1 51 0 0 32
0 0 0 0 0 0 
1 Term
3 0 0 0 0 0 1 54 0 0 0 7 0 0 129 512 1 53 0 0 0
2 Term_
6 0 0 0 0 0 3 11 11 0 0 7 3 0 1 2 1 54 0 0 0 7 3 0 2 2 7 3 0 8259 512 1 53 0 0 32
0 0 0 0 0 0 
1 Factor
3 0 0 0 0 0 1 57 0 0 0 7 0 0 129 512 1 55 0 0 0
2 Factor_
6 0 0 0 0 0 3 11 12 0 0 7 3 0 1 2 1 57 0 0 0 7 3 0 2 2 7 3 0 8259 512 1 55 0 0 32
0 0 0 0 0 0 
2 UnaryIncDec
3 0 0 0 0 0 3 11 14 0 0 7 2 0 4 2 7 2 1 2 512
0 0 0 0 0 0 
5 Unary
5 0 0 0 0 0 3 11 13 0 0 7 2 0 1 2 1 57 0 0 32 7 2 0 2 2 7 2 0 129 512
5 0 0 0 0 0 3 11 11 0 0 7 2 1 1 2 1 57 0 0 32 7 2 0 2 2 7 2 1 129 512
5 0 0 0 0 0 3 11 14 0 0 7 2 0 1 2 1 57 0 0 32 7 2 0 2 2 7 2 0 129 512
5 0 0 0 0 0 3 12 9 0 0 7 9 0 1 2 1 57 0 0 32 7 9 0 2 2 7 9 0 129 512
3 0 0 0 0 0 1 59 0 0 0 7 0 0 129 512 1 56 0 0 0
1 Primary
4 0 0 0 0 0 3 2 36 0 0 1 88 0 0 0 7 0 0 1 512 3 2 37 0 0
7 PrimaryExpr
3 0 0 0 0 0 3 3 0 0 0 7 6 0 0 2 7 6 0 1 512
3 0 0 0 0 0 3 4 0 0 0 7 6 0 0 2 7 6 0 1 512
5 0 0 0 0 0 3 12 2 0 0 7 20 0 1 2 1 61 0 0 0 7 20 0 2 2 7 20 0 1 512
5 0 0 0 0 0 3 12 1 0 0 7 19 0 1 2 1 62 0 0 0 7 19 0 2 2 7 19 0 1 512
5 0 0 0 0 0 3 12 8 0 0 7 9 0 1 2 1 58 0 0 0 7 9 0 2 2 7 9 0 1 512
3 0 0 0 0 0 3 6 0 0 0 7 18 0 0 2 7 18 0 1 512
1 0 0 0 0 0 1 58 0 0 0
2 RangesList
5 0 0 0 0 0 3 2 38 0 0 1 89 0 0 0 7 3 10 0 256 3 2 39 0 0 1 60 0 0 32
0 0 0 0 0 0 
1 Ranges
4 0 0 0 0 0 7 33 0 1 2 7 33 0 194 512 1 60 0 0 0 7 33 0 2 2
2 CallParams
1 0 0 0 0 0 3 12 11 0 0
4 0 0 0 0 0 3 2 36 0 0 1 90 0 0 0 7 0 0 1 512 3 2 37 0 0
2 CompaundStmnt
3 0 0 0 0 0 3 12 10 0 0 7 35 0 0 2 7 35 0 1 512
6 0 0 0 0 0 3 2 34 0 0 7 13 0 1 2 1 82 0 0 0 7 0 0 1 512 7 13 0 4 2 3 2 35 0 0
2 IfStmnt_
2 0 0 0 0 0 3 7 4 0 0 1 80 0 0 0
0 0 0 0 0 0 
1 IfStmnt
14 0 0 0 0 0 3 7 3 0 0 3 2 36 0 0 7 29 0 1 2 7 29 -1 0 512 1 29 0 0 0 7 29 0 2 2 7 29 0 1 512 3 2 37 0 0 1 80 0 0 0 7 29 0 4 2 7 29 1 1 512 1 64 0 0 0 7 29 0 8 2 7 29 2 1 512
3 ForPrefix
3 0 0 0 0 0 3 2 45 0 0 7 35 0 0 2 7 35 0 1 512
1 0 0 0 0 0 1 78 0 0 0
1 0 0 0 0 0 1 79 0 0 0
2 ForCondition
3 0 0 0 0 0 3 2 45 0 0 7 35 0 0 2 7 35 0 1 512
3 0 0 0 0 0 1 29 0 0 0 7 0 0 1 512 3 2 45 0 0
2 ForPosfix
3 0 0 0 0 0 3 2 37 0 0 7 35 0 0 2 7 35 0 1 512
3 0 0 0 0 0 1 86 0 0 0 7 0 0 1 512 3 2 37 0 0
1 ForStmnt
16 0 0 0 0 0 3 7 1 0 0 3 2 36 0 0 7 21 0 1 2 7 21 -1 0 512 1 66 0 0 0 7 21 0 1 512 1 67 0 0 0 7 21 1 1 512 1 68 0 0 0 7 21 2 1 512 7 21 0 2 2 1 80 0 0 0 7 21 3 1 512 7 21 0 4 2 7 21 -2 0 512 7 21 0 8 2
1 DoStmnt
15 0 0 0 0 0 3 7 5 0 0 7 23 0 1 2 7 23 -1 0 512 1 80 0 0 0 7 23 0 4 2 7 23 1 1 512 3 7 2 0 0 3 2 36 0 0 1 29 0 0 0 7 23 0 1 512 7 23 0 2 2 3 2 37 0 0 7 23 -2 0 512 7 23 0 8 2 3 2 45 0 0
1 WhileStmnt
13 0 0 0 0 0 3 7 2 0 0 7 22 -1 0 512 7 22 0 1 2 3 2 36 0 0 1 29 0 0 0 7 22 0 2 2 7 22 0 1 512 3 2 37 0 0 1 80 0 0 0 7 22 0 4 2 7 22 1 1 512 7 22 -2 0 512 7 22 0 8 2
1 GoToStmnt
5 0 0 0 0 0 3 7 6 0 0 3 6 0 0 0 3 2 45 0 0 7 25 0 0 2 7 25 0 1 512
1 BreakStmnt
4 0 0 0 0 0 3 7 8 0 0 3 2 45 0 0 7 26 0 0 2 7 26 0 1 512
1 ContinueStmnt
4 0 0 0 0 0 3 7 7 0 0 3 2 45 0 0 7 27 0 0 2 7 27 0 1 512
2 ReturnVal
1 0 0 0 0 0 1 89 0 0 0
0 0 0 0 0 0 
1 ReturnStmnt
6 0 0 0 0 0 3 7 9 0 0 7 28 0 1 2 1 75 0 0 0 7 28 0 2 2 7 28 0 1 512 3 2 45 0 0
10 Statement
4 0 0 0 0 0 3 12 7 0 0 3 2 46 0 0 7 24 0 0 2 7 24 0 1 512
1 0 0 0 0 0 1 65 0 0 0
1 0 0 0 0 0 1 70 0 0 0
1 0 0 0 0 0 1 71 0 0 0
1 0 0 0 0 0 1 69 0 0 0
1 0 0 0 0 0 1 72 0 0 0
1 0 0 0 0 0 1 73 0 0 0
1 0 0 0 0 0 1 74 0 0 0
1 0 0 0 0 0 1 76 0 0 0
1 0 0 0 0 0 1 63 0 0 0
1 DefineSemi
3 0 0 0 0 0 1 27 0 0 0 7 0 0 1 512 3 2 45 0 0
1 ExprSemi
3 0 0 0 0 0 1 86 0 0 0 7 0 0 1 512 3 2 45 0 0
4 DefExpr
3 0 0 0 0 0 3 2 45 0 0 7 35 0 0 2 7 35 0 1 512
1 0 0 0 0 0 1 78 0 0 0
1 0 0 0 0 0 1 77 0 0 0
1 0 0 0 0 0 1 79 0 0 0
2 StmExprList
3 0 0 0 0 0 1 80 0 0 0 7 3 6 0 256 1 81 0 0 32
0 0 0 0 0 0 
1 StmExpr
5 0 0 0 0 0 7 13 0 1 2 7 13 0 2 512 1 81 0 0 0 7 13 0 4 2 7 13 -2 0 512
3 DefFAV
3 0 0 0 0 0 3 2 45 0 0 7 35 0 0 2 7 35 0 1 512
1 0 0 0 0 0 1 11 0 0 0
1 0 0 0 0 0 1 78 0 0 0
2 DefinesList
3 0 0 0 0 0 1 83 0 0 0 7 3 6 0 256 1 84 0 0 32
0 0 0 0 0 0 
1 Defines
5 0 0 0 0 0 7 13 0 1 2 7 13 0 2 512 1 84 0 0 0 7 13 0 4 2 7 13 -2 0 512
1 ExpressionExpression
6 0 0 0 0 0 1 33 0 0 0 7 11 0 1 2 7 11 1 194 512 1 30 0 0 0 7 11 16 2 2 7 1 16 0 256
1 ExpressionCondition
6 0 0 0 0 0 1 33 0 0 0 7 11 0 1 2 7 11 1 194 512 1 30 0 0 0 7 11 241 2 2 7 1 241 0 256
1 ExpressionNone
6 0 0 0 0 0 1 33 0 0 0 7 11 0 1 2 7 11 1 194 512 1 30 0 0 0 7 11 0 2 2 7 1 0 0 256
1 ExpressionValue
6 0 0 0 0 0 1 33 0 0 0 7 11 0 1 2 7 11 1 194 512 1 30 0 0 0 7 11 256 2 2 7 1 256 0 256
1 ExpressionValueList
6 0 0 0 0 0 1 33 0 0 0 7 11 0 1 2 7 11 1 194 512 1 30 0 0 0 7 11 512 2 2 7 1 512 0 256
0
