Comparing files d_LX_.tab and D_.TAB
***** d_LX_.tab
   12:  1 DefParVar
   13:  7 0 0 0 0 0 3 12 5 0 0 7 0 0 0 256 3 6 0 0 0 7 14 1 1 2 1 2 0 0 0 7 14 1 2 2 7 14 0 66 512
   14:  1 DefParArr
   15:  9 0 0 0 0 0 3 12 4 0 0 7 0 0 0 256 3 12 2 0 0 7 15 1 1 2 1 19 0 0 0 7 15 0 4099 512 1 2 0 0 0 7 15 1 2 2 7 15 2 129 512
   16:  2 DefPar
***** D_.TAB
   12:  1 DefParVar
   13:  7 0 0 0 0 0 3 12 5 0 0 7 0 0 0 256 3 6 0 0 0 7 14 1 1 16777218 1 2 0 0 0 7 14 1 2 16777218 7 14 0 66 512
   14:  1 DefParArr
   15:  9 0 0 0 0 0 3 12 4 0 0 7 0 0 0 256 3 12 2 0 0 7 15 1 1 16777218 1 19 0 0 0 7 15 0 4099 512 1 2 0 0 0 7 15 1 2 16777218 7 15 2 1
   16:  29 512
   17:  2 DefPar
*****

***** d_LX_.tab
   24:  1 DefParams
   25:  5 0 0 0 0 0 7 17 1 1 2 1 6 0 0 0 7 17 1 129 512 1 7 0 0 0 7 17 1 2 2
   26:  3 BodyFunc
***** D_.TAB
   25:  1 DefParams
   26:  5 0 0 0 0 0 7 17 1 1 16777218 1 6 0 0 0 7 17 1 129 512 1 7 0 0 0 7 17 1 2 16777218
   27:  3 BodyFunc
*****

***** d_LX_.tab
   27:  1 0 0 0 0 0 3 2 45 0 0
   28:  3 0 0 0 0 0 3 12 10 0 0 7 35 0 0 2 7 35 0 1 512
   29:  4 0 0 0 0 0 3 2 34 0 0 1 82 0 0 0 7 0 0 1 512 3 2 35 0 0
***** D_.TAB
   28:  1 0 0 0 0 0 3 2 45 0 0
   29:  3 0 0 0 0 0 3 12 10 0 0 7 35 0 0 16777218 7 35 0 1 512
   30:  4 0 0 0 0 0 3 2 34 0 0 1 82 0 0 0 7 0 0 1 512 3 2 35 0 0
*****

***** d_LX_.tab
   30:  2 DefFuncParam
   31:  2 0 0 0 0 0 3 12 11 0 0 7 16 0 4 2
   32:  5 0 0 0 0 0 3 2 36 0 0 1 8 0 0 0 7 16 1 4 2 7 0 0 1 512 3 2 37 0 0
   33:  1 DefFunc
   34:  12 0 0 0 0 0 3 12 3 0 0 7 16 0 1 2 7 16 0 0 512 3 12 1 0 0 7 16 1 0 512 7 16 0 2 2 1 10 0 0 0 7 16 2 0 512 1 9 0 0 0 7 16 0 8 2
   35:   7 16 0 16 2 7 16 3 0 512
   36:  2 AInitialList
***** D_.TAB
   31:  2 DefFuncParam
   32:  2 0 0 0 0 0 3 12 11 0 0 7 16 0 4 16777218
   33:  5 0 0 0 0 0 3 2 36 0 0 1 8 0 0 0 7 16 1 4 16777218 7 0 0 1 512 3 2 37 0 0
   34:  1 DefFunc
   35:  12 0 0 0 0 0 3 12 3 0 0 7 16 0 1 16777218 7 16 0 0 512 3 12 1 0 0 7 16 1 0 512 7 16 0 2 16777218 1 10 0 0 0 7 16 2 0 512 1 9 0 
   36:  0 0 7 16 0 8 16777218 7 16 0 16 16777218 7 16 3 0 512
   37:  2 AInitialList
*****

***** d_LX_.tab
   41:  2 Initializer
   42:  4 0 0 0 0 0 3 12 10 0 0 7 33 0 1 2 7 33 0 2 2 7 33 0 0 512
   43:  6 0 0 0 0 0 3 2 34 0 0 7 33 0 1 2 7 33 0 128 512 1 13 0 0 0 7 33 0 2 2 3 2 35 0 0
   44:  2 AInitItem
***** D_.TAB
   42:  2 Initializer
   43:  4 0 0 0 0 0 3 12 10 0 0 7 33 0 1 16777218 7 33 0 2 16777218 7 33 0 0 512
   44:  6 0 0 0 0 0 3 2 34 0 0 7 33 0 1 16777218 7 33 0 128 512 1 13 0 0 0 7 33 0 2 16777218 3 2 35 0 0
   45:  2 AInitItem
*****

***** d_LX_.tab
   53:  2 DefArrD1A
   54:  3 0 0 0 0 0 3 12 12 0 0 7 35 0 0 2 7 34 5 0 512
   55:  4 0 0 0 0 0 3 2 38 0 0 1 33 0 0 0 7 34 2 1 512 3 2 39 0 0
***** D_.TAB
   54:  2 DefArrD1A
   55:  3 0 0 0 0 0 3 12 12 0 0 7 35 0 0 16777218 7 34 5 0 512
   56:  4 0 0 0 0 0 3 2 38 0 0 1 33 0 0 0 7 34 2 1 512 3 2 39 0 0
*****

***** d_LX_.tab
   56:  1 DefArrDA
   57:  5 0 0 0 0 0 7 33 0 1 2 1 18 0 0 0 7 0 0 129 512 1 17 0 0 0 7 33 0 2 2
   58:  1 DefArr
   59:  8 0 0 0 0 0 3 12 2 0 0 7 15 0 1 2 1 19 0 0 0 7 15 0 4 2 7 15 0 4096 512 1 16 0 0 0 7 15 0 2 2 7 15 2 129 512
   60:  2 DefVarInit
***** D_.TAB
   57:  1 DefArrDA
   58:  5 0 0 0 0 0 7 33 0 1 16777218 1 18 0 0 0 7 0 0 129 512 1 17 0 0 0 7 33 0 2 16777218
   59:  1 DefArr
   60:  8 0 0 0 0 0 3 12 2 0 0 7 15 0 1 16777218 1 19 0 0 0 7 15 0 4 16777218 7 15 0 4096 512 1 16 0 0 0 7 15 0 2 16777218 7 15 2 129 5
   61:  12
   62:  2 DefVarInit
*****

***** d_LX_.tab
   63:  1 DefVar
   64:  5 0 0 0 0 0 3 6 0 0 0 7 14 0 1 2 1 21 0 0 0 7 14 0 2 2 7 14 0 64 512
   65:  2 DefIAV
***** D_.TAB
   65:  1 DefVar
   66:  5 0 0 0 0 0 3 6 0 0 0 7 14 0 1 16777218 1 21 0 0 0 7 14 0 2 16777218 7 14 0 64 512
   67:  2 DefIAV
*****

***** d_LX_.tab
   68:  2 DefItem
   69:  4 0 0 0 0 0 3 11 7 0 0 1 23 0 0 0 7 38 0 0 2 7 38 0 1 512
   70:  1 0 0 0 0 0 1 23 0 0 0
***** D_.TAB
   70:  2 DefItem
   71:  4 0 0 0 0 0 3 11 7 0 0 1 23 0 0 0 7 38 0 0 16777218 7 38 0 1 512
   72:  1 0 0 0 0 0 1 23 0 0 0
*****

***** d_LX_.tab
   77:  1 Define
   78:  8 0 0 0 0 0 1 25 0 0 0 7 17 0 1 2 7 17 0 4 512 1 24 0 0 0 7 3 2 0 256 1 26 0 0 0 7 17 0 2 2 7 17 2 0 512
   79:  2 ConditionDef
   80:  4 0 0 0 0 0 3 11 7 0 0 1 22 0 0 0 7 38 0 0 2 7 38 0 1 512
   81:  1 0 0 0 0 0 1 22 0 0 0
***** D_.TAB
   79:  1 Define
   80:  8 0 0 0 0 0 1 25 0 0 0 7 17 0 1 16777218 7 17 0 4 512 1 24 0 0 0 7 3 2 0 256 1 26 0 0 0 7 17 0 2 16777218 7 17 2 0 512
   81:  2 ConditionDef
   82:  4 0 0 0 0 0 3 11 7 0 0 1 22 0 0 0 7 38 0 0 16777218 7 38 0 1 512
   83:  1 0 0 0 0 0 1 22 0 0 0
*****

***** d_LX_.tab
   90:  2 AssignList
   91:  6 0 0 0 0 0 1 31 0 0 0 7 3 0 1 2 7 0 2 2 512 1 33 0 0 0 7 3 0 2 2 7 3 0 66 512
   92:  0 0 0 0 0 0 
***** D_.TAB
   92:  2 AssignList
   93:  6 0 0 0 0 0 1 31 0 0 0 7 3 0 1 16777218 7 0 2 2 512 1 33 0 0 0 7 3 0 2 16777218 7 3 0 66 512
   94:  0 0 0 0 0 0 
*****

***** d_LX_.tab
   95:  2 QuestionList
   96:  8 0 0 0 0 0 3 11 2 0 0 7 5 0 1 2 1 89 0 0 0 7 5 0 0 512 3 2 46 0 0 1 35 0 0 0 7 5 1 0 512 7 5 0 2 2
   97:  0 0 0 0 0 0 
***** D_.TAB
   97:  2 QuestionList
   98:  8 0 0 0 0 0 3 11 2 0 0 7 5 0 1 16777218 1 89 0 0 0 7 5 0 0 512 3 2 46 0 0 1 35 0 0 0 7 5 1 0 512 7 5 0 2 16777218
   99:  0 0 0 0 0 0 
*****

***** d_LX_.tab
  102:  2 OrOr_
  103:  6 0 0 0 0 0 3 11 3 0 0 7 3 0 1 2 1 38 0 0 0 7 3 0 2 2 7 3 0 8259 512 1 37 0 0 32
  104:  0 0 0 0 0 0 
***** D_.TAB
  104:  2 OrOr_
  105:  6 0 0 0 0 0 3 11 3 0 0 7 3 0 1 16777218 1 38 0 0 0 7 3 0 2 16777218 7 3 0 8259 512 1 37 0 0 32
  106:  0 0 0 0 0 0 
*****

***** d_LX_.tab
  107:  2 AndAnd_
  108:  6 0 0 0 0 0 3 11 4 0 0 7 3 0 1 2 1 40 0 0 0 7 3 0 2 2 7 3 0 8259 512 1 39 0 0 32
  109:  0 0 0 0 0 0 
***** D_.TAB
  109:  2 AndAnd_
  110:  6 0 0 0 0 0 3 11 4 0 0 7 3 0 1 16777218 1 40 0 0 0 7 3 0 2 16777218 7 3 0 8259 512 1 39 0 0 32
  111:  0 0 0 0 0 0 
*****

***** d_LX_.tab
  112:  2 Or_
  113:  6 0 0 0 0 0 3 11 5 0 0 7 3 0 1 2 1 42 0 0 0 7 3 0 2 2 7 3 0 8259 512 1 41 0 0 32
  114:  0 0 0 0 0 0 
***** D_.TAB
  114:  2 Or_
  115:  6 0 0 0 0 0 3 11 5 0 0 7 3 0 1 16777218 1 42 0 0 0 7 3 0 2 16777218 7 3 0 8259 512 1 41 0 0 32
  116:  0 0 0 0 0 0 
*****

***** d_LX_.tab
  117:  2 XOr_
  118:  6 0 0 0 0 0 3 11 6 0 0 7 3 0 1 2 1 44 0 0 0 7 3 0 2 2 7 3 0 8259 512 1 43 0 0 32
  119:  0 0 0 0 0 0 
***** D_.TAB
  119:  2 XOr_
  120:  6 0 0 0 0 0 3 11 6 0 0 7 3 0 1 16777218 1 44 0 0 0 7 3 0 2 16777218 7 3 0 8259 512 1 43 0 0 32
  121:  0 0 0 0 0 0 
*****

***** d_LX_.tab
  122:  2 And_
  123:  6 0 0 0 0 0 3 11 7 0 0 7 3 0 1 2 1 46 0 0 0 7 3 0 2 2 7 3 0 8259 512 1 45 0 0 32
  124:  0 0 0 0 0 0 
***** D_.TAB
  124:  2 And_
  125:  6 0 0 0 0 0 3 11 7 0 0 7 3 0 1 16777218 1 46 0 0 0 7 3 0 2 16777218 7 3 0 8259 512 1 45 0 0 32
  126:  0 0 0 0 0 0 
*****

***** d_LX_.tab
  127:  2 Equ_
  128:  6 0 0 0 0 0 3 11 8 0 0 7 3 0 1 2 1 48 0 0 0 7 3 0 2 2 7 3 0 8259 512 1 47 0 0 32
  129:  0 0 0 0 0 0 
***** D_.TAB
  129:  2 Equ_
  130:  6 0 0 0 0 0 3 11 8 0 0 7 3 0 1 16777218 1 48 0 0 0 7 3 0 2 16777218 7 3 0 8259 512 1 47 0 0 32
  131:  0 0 0 0 0 0 
*****

***** d_LX_.tab
  132:  2 Compare_
  133:  6 0 0 0 0 0 3 11 9 0 0 7 3 0 1 2 1 50 0 0 0 7 3 0 2 2 7 3 0 8259 512 1 49 0 0 32
  134:  0 0 0 0 0 0 
***** D_.TAB
  134:  2 Compare_
  135:  6 0 0 0 0 0 3 11 9 0 0 7 3 0 1 16777218 1 50 0 0 0 7 3 0 2 16777218 7 3 0 8259 512 1 49 0 0 32
  136:  0 0 0 0 0 0 
*****

***** d_LX_.tab
  137:  2 Shift_
  138:  6 0 0 0 0 0 3 11 10 0 0 7 3 0 1 2 1 52 0 0 0 7 3 0 2 2 7 3 0 8259 512 1 51 0 0 32
  139:  0 0 0 0 0 0 
***** D_.TAB
  139:  2 Shift_
  140:  6 0 0 0 0 0 3 11 10 0 0 7 3 0 1 16777218 1 52 0 0 0 7 3 0 2 16777218 7 3 0 8259 512 1 51 0 0 32
  141:  0 0 0 0 0 0 
*****

***** d_LX_.tab
  142:  2 Term_
  143:  6 0 0 0 0 0 3 11 11 0 0 7 3 0 1 2 1 54 0 0 0 7 3 0 2 2 7 3 0 8259 512 1 53 0 0 32
  144:  0 0 0 0 0 0 
***** D_.TAB
  144:  2 Term_
  145:  6 0 0 0 0 0 3 11 11 0 0 7 3 0 1 16777218 1 54 0 0 0 7 3 0 2 16777218 7 3 0 8259 512 1 53 0 0 32
  146:  0 0 0 0 0 0 
*****

***** d_LX_.tab
  147:  2 Factor_
  148:  6 0 0 0 0 0 3 11 12 0 0 7 3 0 1 2 1 57 0 0 0 7 3 0 2 2 7 3 0 8259 512 1 55 0 0 32
  149:  0 0 0 0 0 0 
***** D_.TAB
  149:  2 Factor_
  150:  6 0 0 0 0 0 3 11 12 0 0 7 3 0 1 16777218 1 57 0 0 0 7 3 0 2 16777218 7 3 0 8259 512 1 55 0 0 32
  151:  0 0 0 0 0 0 
*****

***** d_LX_.tab
  150:  2 UnaryIncDec
  151:  3 0 0 0 0 0 3 11 14 0 0 7 2 0 4 2 7 2 1 2 512
  152:  0 0 0 0 0 0 
***** D_.TAB
  152:  2 UnaryIncDec
  153:  3 0 0 0 0 0 3 11 14 0 0 7 2 0 4 16777218 7 2 1 2 512
  154:  0 0 0 0 0 0 
*****

***** d_LX_.tab
  153:  5 Unary
  154:  5 0 0 0 0 0 3 11 13 0 0 7 2 0 1 2 1 57 0 0 32 7 2 0 2 2 7 2 0 129 512
  155:  5 0 0 0 0 0 3 11 11 0 0 7 2 1 1 2 1 57 0 0 32 7 2 0 2 2 7 2 1 129 512
  156:  5 0 0 0 0 0 3 11 14 0 0 7 2 0 1 2 1 57 0 0 32 7 2 0 2 2 7 2 0 129 512
  157:  5 0 0 0 0 0 3 12 9 0 0 7 9 0 1 2 1 57 0 0 32 7 9 0 2 2 7 9 0 129 512
  158:  3 0 0 0 0 0 1 59 0 0 0 7 0 0 129 512 1 56 0 0 0
***** D_.TAB
  155:  5 Unary
  156:  5 0 0 0 0 0 3 11 13 0 0 7 2 0 1 16777218 1 57 0 0 32 7 2 0 2 16777218 7 2 0 129 512
  157:  5 0 0 0 0 0 3 11 11 0 0 7 2 1 1 16777218 1 57 0 0 32 7 2 0 2 16777218 7 2 1 129 512
  158:  5 0 0 0 0 0 3 11 14 0 0 7 2 0 1 16777218 1 57 0 0 32 7 2 0 2 16777218 7 2 0 129 512
  159:  5 0 0 0 0 0 3 12 9 0 0 7 9 0 1 16777218 1 57 0 0 32 7 9 0 2 16777218 7 9 0 129 512
  160:  3 0 0 0 0 0 1 59 0 0 0 7 0 0 129 512 1 56 0 0 0
*****

***** d_LX_.tab
  161:  7 PrimaryExpr
  162:  3 0 0 0 0 0 3 3 0 0 0 7 6 0 0 2 7 6 0 1 512
  163:  3 0 0 0 0 0 3 4 0 0 0 7 6 0 0 2 7 6 0 1 512
  164:  5 0 0 0 0 0 3 12 2 0 0 7 20 0 1 2 1 61 0 0 0 7 20 0 2 2 7 20 0 1 512
  165:  5 0 0 0 0 0 3 12 1 0 0 7 19 0 1 2 1 62 0 0 0 7 19 0 2 2 7 19 0 1 512
  166:  5 0 0 0 0 0 3 12 8 0 0 7 9 0 1 2 1 58 0 0 0 7 9 0 2 2 7 9 0 1 512
  167:  3 0 0 0 0 0 3 6 0 0 0 7 18 0 0 2 7 18 0 1 512
  168:  1 0 0 0 0 0 1 58 0 0 0
***** D_.TAB
  163:  7 PrimaryExpr
  164:  3 0 0 0 0 0 3 3 0 0 0 7 6 0 0 16777218 7 6 0 1 512
  165:  3 0 0 0 0 0 3 4 0 0 0 7 6 0 0 16777218 7 6 0 1 512
  166:  5 0 0 0 0 0 3 12 2 0 0 7 20 0 1 16777218 1 61 0 0 0 7 20 0 2 16777218 7 20 0 1 512
  167:  5 0 0 0 0 0 3 12 1 0 0 7 19 0 1 16777218 1 62 0 0 0 7 19 0 2 16777218 7 19 0 1 512
  168:  5 0 0 0 0 0 3 12 8 0 0 7 9 0 1 16777218 1 58 0 0 0 7 9 0 2 16777218 7 9 0 1 512
  169:  3 0 0 0 0 0 3 6 0 0 0 7 18 0 0 16777218 7 18 0 1 512
  170:  1 0 0 0 0 0 1 58 0 0 0
*****

***** d_LX_.tab
  172:  1 Ranges
  173:  4 0 0 0 0 0 7 33 0 1 2 7 33 0 194 512 1 60 0 0 0 7 33 0 2 2
  174:  2 CallParams
***** D_.TAB
  174:  1 Ranges
  175:  4 0 0 0 0 0 7 33 0 1 16777218 7 33 0 194 512 1 60 0 0 0 7 33 0 2 16777218
  176:  2 CallParams
*****

***** d_LX_.tab
  177:  2 CompaundStmnt
  178:  3 0 0 0 0 0 3 12 10 0 0 7 35 0 0 2 7 35 0 1 512
  179:  6 0 0 0 0 0 3 2 34 0 0 7 13 0 1 2 1 82 0 0 0 7 0 0 1 512 7 13 0 4 2 3 2 35 0 0
  180:  2 IfStmnt_
***** D_.TAB
  179:  2 CompaundStmnt
  180:  3 0 0 0 0 0 3 12 10 0 0 7 35 0 0 16777218 7 35 0 1 512
  181:  6 0 0 0 0 0 3 2 34 0 0 7 13 0 1 16777218 1 82 0 0 0 7 0 0 1 512 7 13 0 4 16777218 3 2 35 0 0
  182:  2 IfStmnt_
*****

***** d_LX_.tab
  183:  1 IfStmnt
  184:  14 0 0 0 0 0 3 7 3 0 0 3 2 36 0 0 7 29 0 1 2 7 29 -1 0 512 1 29 0 0 0 7 29 0 2 2 7 29 0 1 512 3 2 37 0 0 1 80 0 0 0 7 29 0 4 2 
  185:  7 29 1 1 512 1 64 0 0 0 7 29 0 8 2 7 29 2 1 512
  186:  3 ForPrefix
  187:  3 0 0 0 0 0 3 2 45 0 0 7 35 0 0 2 7 35 0 1 512
  188:  1 0 0 0 0 0 1 78 0 0 0
***** D_.TAB
  185:  1 IfStmnt
  186:  14 0 0 0 0 0 3 7 3 0 0 3 2 36 0 0 7 29 0 1 16777218 7 29 -1 0 512 1 29 0 0 0 7 29 0 2 16777218 7 29 0 1 512 3 2 37 0 0 1 80 0 0
  187:   0 7 29 0 4 16777218 7 29 1 1 512 1 64 0 0 0 7 29 0 8 16777218 7 29 2 1 512
  188:  3 ForPrefix
  189:  3 0 0 0 0 0 3 2 45 0 0 7 35 0 0 16777218 7 35 0 1 512
  190:  1 0 0 0 0 0 1 78 0 0 0
*****

***** d_LX_.tab
  190:  2 ForCondition
  191:  3 0 0 0 0 0 3 2 45 0 0 7 35 0 0 2 7 35 0 1 512
  192:  3 0 0 0 0 0 1 29 0 0 0 7 0 0 1 512 3 2 45 0 0
***** D_.TAB
  192:  2 ForCondition
  193:  3 0 0 0 0 0 3 2 45 0 0 7 35 0 0 16777218 7 35 0 1 512
  194:  3 0 0 0 0 0 1 29 0 0 0 7 0 0 1 512 3 2 45 0 0
*****

***** d_LX_.tab
  193:  2 ForPosfix
  194:  3 0 0 0 0 0 3 2 37 0 0 7 35 0 0 2 7 35 0 1 512
  195:  3 0 0 0 0 0 1 86 0 0 0 7 0 0 1 512 3 2 37 0 0
***** D_.TAB
  195:  2 ForPosfix
  196:  3 0 0 0 0 0 3 2 37 0 0 7 35 0 0 16777218 7 35 0 1 512
  197:  3 0 0 0 0 0 1 86 0 0 0 7 0 0 1 512 3 2 37 0 0
*****

***** d_LX_.tab
  196:  1 ForStmnt
  197:  16 0 0 0 0 0 3 7 1 0 0 3 2 36 0 0 7 21 0 1 2 7 21 -1 0 512 1 66 0 0 0 7 21 0 1 512 1 67 0 0 0 7 21 1 1 512 1 68 0 0 0 7 21 2 1 
  198:  512 7 21 0 2 2 1 80 0 0 0 7 21 3 1 512 7 21 0 4 2 7 21 -2 0 512 7 21 0 8 2
  199:  1 DoStmnt
  200:  15 0 0 0 0 0 3 7 5 0 0 7 23 0 1 2 7 23 -1 0 512 1 80 0 0 0 7 23 0 4 2 7 23 1 1 512 3 7 2 0 0 3 2 36 0 0 1 29 0 0 0 7 23 0 1 512
  201:   7 23 0 2 2 3 2 37 0 0 7 23 -2 0 512 7 23 0 8 2 3 2 45 0 0
  202:  1 WhileStmnt
  203:  13 0 0 0 0 0 3 7 2 0 0 7 22 -1 0 512 7 22 0 1 2 3 2 36 0 0 1 29 0 0 0 7 22 0 2 2 7 22 0 1 512 3 2 37 0 0 1 80 0 0 0 7 22 0 4 2 
  204:  7 22 1 1 512 7 22 -2 0 512 7 22 0 8 2
  205:  1 GoToStmnt
  206:  5 0 0 0 0 0 3 7 6 0 0 3 6 0 0 0 3 2 45 0 0 7 25 0 0 2 7 25 0 1 512
  207:  1 BreakStmnt
  208:  4 0 0 0 0 0 3 7 8 0 0 3 2 45 0 0 7 26 0 0 2 7 26 0 1 512
  209:  1 ContinueStmnt
  210:  4 0 0 0 0 0 3 7 7 0 0 3 2 45 0 0 7 27 0 0 2 7 27 0 1 512
  211:  2 ReturnVal
***** D_.TAB
  198:  1 ForStmnt
  199:  16 0 0 0 0 0 3 7 1 0 0 3 2 36 0 0 7 21 0 1 16777218 7 21 -1 0 512 1 66 0 0 0 7 21 0 1 512 1 67 0 0 0 7 21 1 1 512 1 68 0 0 0 7 
  200:  21 2 1 512 7 21 0 2 16777218 1 80 0 0 0 7 21 3 1 512 7 21 0 4 16777218 7 21 -2 0 512 7 21 0 8 16777218
  201:  1 DoStmnt
  202:  15 0 0 0 0 0 3 7 5 0 0 7 23 0 1 16777218 7 23 -1 0 512 1 80 0 0 0 7 23 0 4 16777218 7 23 1 1 512 3 7 2 0 0 3 2 36 0 0 1 29 0 0 
  203:  0 7 23 0 1 512 7 23 0 2 16777218 3 2 37 0 0 7 23 -2 0 512 7 23 0 8 16777218 3 2 45 0 0
  204:  1 WhileStmnt
  205:  13 0 0 0 0 0 3 7 2 0 0 7 22 -1 0 512 7 22 0 1 16777218 3 2 36 0 0 1 29 0 0 0 7 22 0 2 16777218 7 22 0 1 512 3 2 37 0 0 1 80 0 0
  206:   0 7 22 0 4 16777218 7 22 1 1 512 7 22 -2 0 512 7 22 0 8 16777218
  207:  1 GoToStmnt
  208:  5 0 0 0 0 0 3 7 6 0 0 3 6 0 0 0 3 2 45 0 0 7 25 0 0 16777218 7 25 0 1 512
  209:  1 BreakStmnt
  210:  4 0 0 0 0 0 3 7 8 0 0 3 2 45 0 0 7 26 0 0 16777218 7 26 0 1 512
  211:  1 ContinueStmnt
  212:  4 0 0 0 0 0 3 7 7 0 0 3 2 45 0 0 7 27 0 0 16777218 7 27 0 1 512
  213:  2 ReturnVal
*****

***** d_LX_.tab
  214:  1 ReturnStmnt
  215:  6 0 0 0 0 0 3 7 9 0 0 7 28 0 1 2 1 75 0 0 0 7 28 0 2 2 7 28 0 1 512 3 2 45 0 0
  216:  10 Statement
  217:  4 0 0 0 0 0 3 12 7 0 0 3 2 46 0 0 7 24 0 0 2 7 24 0 1 512
  218:  1 0 0 0 0 0 1 65 0 0 0
***** D_.TAB
  216:  1 ReturnStmnt
  217:  6 0 0 0 0 0 3 7 9 0 0 7 28 0 1 16777218 1 75 0 0 0 7 28 0 2 16777218 7 28 0 1 512 3 2 45 0 0
  218:  10 Statement
  219:  4 0 0 0 0 0 3 12 7 0 0 3 2 46 0 0 7 24 0 0 16777218 7 24 0 1 512
  220:  1 0 0 0 0 0 1 65 0 0 0
*****

***** d_LX_.tab
  231:  4 DefExpr
  232:  3 0 0 0 0 0 3 2 45 0 0 7 35 0 0 2 7 35 0 1 512
  233:  1 0 0 0 0 0 1 78 0 0 0
***** D_.TAB
  233:  4 DefExpr
  234:  3 0 0 0 0 0 3 2 45 0 0 7 35 0 0 16777218 7 35 0 1 512
  235:  1 0 0 0 0 0 1 78 0 0 0
*****

***** d_LX_.tab
  239:  1 StmExpr
  240:  5 0 0 0 0 0 7 13 0 1 2 7 13 0 2 512 1 81 0 0 0 7 13 0 4 2 7 13 -2 0 512
  241:  3 DefFAV
  242:  3 0 0 0 0 0 3 2 45 0 0 7 35 0 0 2 7 35 0 1 512
  243:  1 0 0 0 0 0 1 11 0 0 0
***** D_.TAB
  241:  1 StmExpr
  242:  5 0 0 0 0 0 7 13 0 1 16777218 7 13 0 2 512 1 81 0 0 0 7 13 0 4 16777218 7 13 -2 0 512
  243:  3 DefFAV
  244:  3 0 0 0 0 0 3 2 45 0 0 7 35 0 0 16777218 7 35 0 1 512
  245:  1 0 0 0 0 0 1 11 0 0 0
*****

***** d_LX_.tab
  248:  1 Defines
  249:  5 0 0 0 0 0 7 13 0 1 2 7 13 0 2 512 1 84 0 0 0 7 13 0 4 2 7 13 -2 0 512
  250:  1 ExpressionExpression
  251:  6 0 0 0 0 0 1 33 0 0 0 7 11 0 1 2 7 11 1 194 512 1 30 0 0 0 7 11 16 2 2 7 1 16 0 256
  252:  1 ExpressionCondition
  253:  6 0 0 0 0 0 1 33 0 0 0 7 11 0 1 2 7 11 1 194 512 1 30 0 0 0 7 11 241 2 2 7 1 241 0 256
  254:  1 ExpressionNone
  255:  6 0 0 0 0 0 1 33 0 0 0 7 11 0 1 2 7 11 1 194 512 1 30 0 0 0 7 11 0 2 2 7 1 0 0 256
  256:  1 ExpressionValue
  257:  6 0 0 0 0 0 1 33 0 0 0 7 11 0 1 2 7 11 1 194 512 1 30 0 0 0 7 11 256 2 2 7 1 256 0 256
  258:  1 ExpressionValueList
  259:  6 0 0 0 0 0 1 33 0 0 0 7 11 0 1 2 7 11 1 194 512 1 30 0 0 0 7 11 512 2 2 7 1 512 0 256
  260:  0
***** D_.TAB
  250:  1 Defines
  251:  5 0 0 0 0 0 7 13 0 1 16777218 7 13 0 2 512 1 84 0 0 0 7 13 0 4 16777218 7 13 -2 0 512
  252:  1 ExpressionExpression
  253:  6 0 0 0 0 0 1 33 0 0 0 7 11 0 1 16777218 7 11 1 194 512 1 30 0 0 0 7 11 16 2 16777218 7 1 16 0 256
  254:  1 ExpressionCondition
  255:  6 0 0 0 0 0 1 33 0 0 0 7 11 0 1 16777218 7 11 1 194 512 1 30 0 0 0 7 11 241 2 16777218 7 1 241 0 256
  256:  1 ExpressionNone
  257:  6 0 0 0 0 0 1 33 0 0 0 7 11 0 1 16777218 7 11 1 194 512 1 30 0 0 0 7 11 0 2 16777218 7 1 0 0 256
  258:  1 ExpressionValue
  259:  6 0 0 0 0 0 1 33 0 0 0 7 11 0 1 16777218 7 11 1 194 512 1 30 0 0 0 7 11 256 2 16777218 7 1 256 0 256
  260:  1 ExpressionValueList
  261:  6 0 0 0 0 0 1 33 0 0 0 7 11 0 1 16777218 7 11 1 194 512 1 30 0 0 0 7 11 512 2 16777218 7 1 512 0 256
  262:  0
*****

