1
0
65649 0
93
1 S_
1 0 0 0 0 0 1 1 0 0 0
1 Program
1 0 0 0 0 0 1 87 0 0 0
2 DefParInit
2 0 0 0 0 0 3 1 14 0 0 1 35 0 0 0
0 0 0 0 0 0 
1 DefParVar
3 0 0 0 0 0 3 12 5 0 0 3 6 0 0 0 1 2 0 0 0
1 DefParArr
4 0 0 0 0 0 3 12 4 0 0 3 12 2 0 0 1 19 0 0 0 1 2 0 0 0
2 DefPar
1 0 0 0 0 0 1 4 0 0 0
1 0 0 0 0 0 1 3 0 0 0
1 DefParItem
1 0 0 0 0 0 1 5 0 0 0
2 DefParList
3 0 0 0 0 0 3 2 44 0 0 1 6 0 0 0 1 7 0 0 32
0 0 0 0 0 0 
1 DefParams
2 0 0 0 0 0 1 6 0 0 0 1 7 0 0 0
3 BodyFunc
1 0 0 0 0 0 3 2 45 0 0
1 0 0 0 0 0 3 12 10 0 0
3 0 0 0 0 0 3 2 34 0 0 1 84 0 0 0 3 2 35 0 0
2 DefFunc_
1 0 0 0 0 0 3 12 11 0 0
3 0 0 0 0 0 3 2 36 0 0 1 8 0 0 0 3 2 37 0 0
1 DefFunc
4 0 0 0 0 0 3 12 3 0 0 3 12 1 0 0 1 10 0 0 0 1 9 0 0 0
2 AInitialList
3 0 0 0 0 0 3 2 44 0 0 1 15 0 0 0 1 12 0 0 32
0 0 0 0 0 0 
1 AInitial
2 0 0 0 0 0 1 15 0 0 0 1 12 0 0 0
2 Initializer
1 0 0 0 0 0 3 12 10 0 0
3 0 0 0 0 0 3 2 34 0 0 1 13 0 0 0 3 2 35 0 0
2 AInitItem
1 0 0 0 0 0 1 14 0 0 0
1 0 0 0 0 0 1 35 0 0 0
2 DefAInit
2 0 0 0 0 0 3 1 14 0 0 1 14 0 0 0
0 0 0 0 0 0 
2 DRanges
4 0 0 0 0 0 3 2 38 0 0 1 35 0 0 0 3 2 39 0 0 1 17 0 0 32
0 0 0 0 0 0 
2 DefArrD1A
1 0 0 0 0 0 3 12 12 0 0
3 0 0 0 0 0 3 2 38 0 0 1 35 0 0 0 3 2 39 0 0
1 DefArrDA
2 0 0 0 0 0 1 18 0 0 0 1 17 0 0 0
1 DefArr
3 0 0 0 0 0 3 12 2 0 0 1 19 0 0 0 1 16 0 0 0
1 DefVarAssign
2 0 0 0 0 0 3 1 14 0 0 1 35 0 0 0
2 DefVarInit
1 0 0 0 0 0 1 21 0 0 0
0 0 0 0 0 0 
1 DefVar
2 0 0 0 0 0 3 6 0 0 0 1 22 0 0 0
2 DefIAV
1 0 0 0 0 0 1 20 0 0 0
1 0 0 0 0 0 1 23 0 0 0
2 DefItem
2 0 0 0 0 0 3 11 7 0 0 1 24 0 0 0
1 0 0 0 0 0 1 24 0 0 0
2 DefType
1 0 0 0 0 0 3 12 4 0 0
1 0 0 0 0 0 3 12 5 0 0
2 DefineList
3 0 0 0 0 0 3 2 44 0 0 1 25 0 0 0 1 27 0 0 32
0 0 0 0 0 0 
1 Define
3 0 0 0 0 0 1 26 0 0 0 1 25 0 0 0 1 27 0 0 0
2 ConditionDef
2 0 0 0 0 0 3 11 7 0 0 1 23 0 0 0
1 0 0 0 0 0 1 23 0 0 0
2 Condition
2 0 0 0 0 0 3 12 5 0 0 1 29 0 0 0
1 0 0 0 0 0 1 89 0 0 0
2 ExprList
3 0 0 0 0 0 3 2 44 0 0 1 35 0 0 0 1 31 0 0 32
0 0 0 0 0 0 
1 Expressions
2 0 0 0 0 0 1 35 0 0 0 1 31 0 0 0
1 PriorAssign
1 0 0 0 0 0 3 11 1 0 0
2 AssignList
2 0 0 0 0 0 1 33 0 0 0 1 35 0 0 0
0 0 0 0 0 0 
1 Assign
2 0 0 0 0 0 1 37 0 0 0 1 34 0 0 0
2 QuestionList
4 0 0 0 0 0 3 11 2 0 0 1 91 0 0 0 3 2 46 0 0 1 37 0 0 0
0 0 0 0 0 0 
1 Question
2 0 0 0 0 0 1 38 0 0 0 1 36 0 0 0
1 OrOr
2 0 0 0 0 0 1 40 0 0 0 1 39 0 0 0
2 OrOr_
3 0 0 0 0 0 3 11 3 0 0 1 40 0 0 0 1 39 0 0 32
0 0 0 0 0 0 
1 AndAnd
2 0 0 0 0 0 1 42 0 0 0 1 41 0 0 0
2 AndAnd_
3 0 0 0 0 0 3 11 4 0 0 1 42 0 0 0 1 41 0 0 32
0 0 0 0 0 0 
1 Or
2 0 0 0 0 0 1 44 0 0 0 1 43 0 0 0
2 Or_
3 0 0 0 0 0 3 11 5 0 0 1 44 0 0 0 1 43 0 0 32
0 0 0 0 0 0 
1 XOr
2 0 0 0 0 0 1 46 0 0 0 1 45 0 0 0
2 XOr_
3 0 0 0 0 0 3 11 6 0 0 1 46 0 0 0 1 45 0 0 32
0 0 0 0 0 0 
1 And
2 0 0 0 0 0 1 48 0 0 0 1 47 0 0 0
2 And_
3 0 0 0 0 0 3 11 7 0 0 1 48 0 0 0 1 47 0 0 32
0 0 0 0 0 0 
1 Equ
2 0 0 0 0 0 1 50 0 0 0 1 49 0 0 0
2 Equ_
3 0 0 0 0 0 3 11 8 0 0 1 50 0 0 0 1 49 0 0 32
0 0 0 0 0 0 
1 Compare
2 0 0 0 0 0 1 52 0 0 0 1 51 0 0 0
2 Compare_
3 0 0 0 0 0 3 11 9 0 0 1 52 0 0 0 1 51 0 0 32
0 0 0 0 0 0 
1 Shift
2 0 0 0 0 0 1 54 0 0 0 1 53 0 0 0
2 Shift_
3 0 0 0 0 0 3 11 10 0 0 1 54 0 0 0 1 53 0 0 32
0 0 0 0 0 0 
1 Term
2 0 0 0 0 0 1 56 0 0 0 1 55 0 0 0
2 Term_
3 0 0 0 0 0 3 11 11 0 0 1 56 0 0 0 1 55 0 0 32
0 0 0 0 0 0 
1 Factor
2 0 0 0 0 0 1 59 0 0 0 1 57 0 0 0
2 Factor_
3 0 0 0 0 0 3 11 12 0 0 1 59 0 0 0 1 57 0 0 32
0 0 0 0 0 0 
2 UnaryIncDec
1 0 0 0 0 0 3 11 14 0 0
0 0 0 0 0 0 
5 Unary
2 0 0 0 0 0 3 11 13 0 0 1 59 0 0 32
2 0 0 0 0 0 3 11 11 0 0 1 59 0 0 32
2 0 0 0 0 0 3 11 14 0 0 1 59 0 0 32
2 0 0 0 0 0 3 12 9 0 0 1 59 0 0 32
2 0 0 0 0 0 1 61 0 0 0 1 58 0 0 0
1 Primary
3 0 0 0 0 0 3 2 36 0 0 1 90 0 0 0 3 2 37 0 0
7 PrimaryExpr
1 0 0 0 0 0 3 3 0 0 0
1 0 0 0 0 0 3 4 0 0 0
2 0 0 0 0 0 3 12 2 0 0 1 63 0 0 0
2 0 0 0 0 0 3 12 1 0 0 1 64 0 0 0
2 0 0 0 0 0 3 12 8 0 0 1 60 0 0 0
1 0 0 0 0 0 3 6 0 0 0
1 0 0 0 0 0 1 60 0 0 0
2 RangesList
4 0 0 0 0 0 3 2 38 0 0 1 91 0 0 0 3 2 39 0 0 1 62 0 0 32
0 0 0 0 0 0 
1 Ranges
1 0 0 0 0 0 1 62 0 0 0
2 CallParams
1 0 0 0 0 0 3 12 11 0 0
3 0 0 0 0 0 3 2 36 0 0 1 92 0 0 0 3 2 37 0 0
2 CompaundStmnt
1 0 0 0 0 0 3 12 10 0 0
3 0 0 0 0 0 3 2 34 0 0 1 84 0 0 0 3 2 35 0 0
2 IfStmnt_
2 0 0 0 0 0 3 7 4 0 0 1 82 0 0 0
0 0 0 0 0 0 
1 IfStmnt
6 0 0 0 0 0 3 7 3 0 0 3 2 36 0 0 1 30 0 0 0 3 2 37 0 0 1 82 0 0 0 1 66 0 0 0
3 ForPrefix
1 0 0 0 0 0 3 2 45 0 0
1 0 0 0 0 0 1 80 0 0 0
1 0 0 0 0 0 1 81 0 0 0
2 ForCondition
1 0 0 0 0 0 3 2 45 0 0
2 0 0 0 0 0 1 30 0 0 0 3 2 45 0 0
2 ForPosfix
1 0 0 0 0 0 3 2 37 0 0
2 0 0 0 0 0 1 88 0 0 0 3 2 37 0 0
1 ForStmnt
6 0 0 0 0 0 3 7 1 0 0 3 2 36 0 0 1 68 0 0 0 1 69 0 0 0 1 70 0 0 0 1 82 0 0 0
1 DoStmnt
7 0 0 0 0 0 3 7 5 0 0 1 82 0 0 0 3 7 2 0 0 3 2 36 0 0 1 30 0 0 0 3 2 37 0 0 3 2 45 0 0
1 WhileStmnt
5 0 0 0 0 0 3 7 2 0 0 3 2 36 0 0 1 30 0 0 0 3 2 37 0 0 1 82 0 0 0
1 GoToStmnt
3 0 0 0 0 0 3 7 6 0 0 3 6 0 0 0 3 2 45 0 0
1 BreakStmnt
2 0 0 0 0 0 3 7 8 0 0 3 2 45 0 0
1 ContinueStmnt
2 0 0 0 0 0 3 7 7 0 0 3 2 45 0 0
2 ReturnVal
1 0 0 0 0 0 1 91 0 0 0
0 0 0 0 0 0 
1 ReturnStmnt
3 0 0 0 0 0 3 7 9 0 0 1 77 0 0 0 3 2 45 0 0
10 Statement
3 0 0 0 0 0 3 12 7 0 0 3 2 46 0 0 1 82 0 0 0
1 0 0 0 0 0 1 67 0 0 0
1 0 0 0 0 0 1 72 0 0 0
1 0 0 0 0 0 1 73 0 0 0
1 0 0 0 0 0 1 71 0 0 0
1 0 0 0 0 0 1 74 0 0 0
1 0 0 0 0 0 1 75 0 0 0
1 0 0 0 0 0 1 76 0 0 0
1 0 0 0 0 0 1 78 0 0 0
1 0 0 0 0 0 1 65 0 0 0
1 DefineSemi
2 0 0 0 0 0 1 28 0 0 0 3 2 45 0 0
1 ExprSemi
2 0 0 0 0 0 1 88 0 0 0 3 2 45 0 0
4 DefExpr
1 0 0 0 0 0 3 2 45 0 0
1 0 0 0 0 0 1 80 0 0 0
1 0 0 0 0 0 1 79 0 0 0
1 0 0 0 0 0 1 81 0 0 0
2 StmExprList
2 0 0 0 0 0 1 82 0 0 0 1 83 0 0 32
0 0 0 0 0 0 
1 StmExpr
1 0 0 0 0 0 1 83 0 0 0
3 DefFAV
1 0 0 0 0 0 3 2 45 0 0
1 0 0 0 0 0 1 11 0 0 0
1 0 0 0 0 0 1 80 0 0 0
2 DefinesList
2 0 0 0 0 0 1 85 0 0 0 1 86 0 0 32
0 0 0 0 0 0 
1 Defines
1 0 0 0 0 0 1 86 0 0 0
1 ExpressionExpression
1 0 0 0 0 0 1 32 0 0 0
1 ExpressionCondition
1 0 0 0 0 0 1 32 0 0 0
1 ExpressionNone
1 0 0 0 0 0 1 32 0 0 0
1 ExpressionValue
1 0 0 0 0 0 1 32 0 0 0
1 ExpressionValueList
1 0 0 0 0 0 1 32 0 0 0
0
