1
15
1 0 0 0 0 3 2 36 0 0 2 0 0 0 0
1 0 0 0 0 3 6 0 0 0 2 0 0 0 0
1 1 0 0 0 3 2 36 0 0 2 1 0 1 0
1 1 0 0 0 3 6 0 0 0 2 1 0 1 0
1 2 0 0 0 3 1 1 0 0 2 2 0 2 0
1 2 0 0 0 3 2 37 0 0 2 2 1 3 0
1 2 0 0 0 6 0 0 0 0 2 2 1 3 0
1 3 0 0 0 3 2 36 0 0 2 3 0 4 0
1 3 0 0 0 3 6 0 0 0 2 3 0 4 0
1 4 0 0 0 3 1 1 0 0 2 4 1 6 0
1 4 0 0 0 3 1 3 0 0 2 4 0 5 0
1 4 0 0 0 3 2 37 0 0 2 4 1 6 0
1 4 0 0 0 6 0 0 0 0 2 4 1 6 0
1 5 0 0 0 3 2 36 0 0 2 5 0 7 0
1 5 0 0 0 3 6 0 0 0 2 5 1 8 0
327680 0
6
1 S_
1 0 0 0 0 0 1 1 0 0 0
1 E
2 0 0 0 0 0 1 3 0 0 0 1 2 0 0 0
2 E_
3 0 0 0 0 0 3 1 1 0 0 1 3 0 0 0 1 2 0 0 32
0 0 0 0 0 0 
1 T
2 0 0 0 0 0 1 5 0 0 0 1 4 0 0 0
2 T_
3 0 0 0 0 0 3 1 3 0 0 1 5 0 0 0 1 4 0 0 32
0 0 0 0 0 0 
2 F
3 0 0 0 0 0 3 2 36 0 0 1 1 0 0 0 3 2 37 0 0
1 0 0 0 0 0 3 6 0 0 0
0
