327936 0
64
1 S_
1 0 0 0 0 0 1 61 0 0 0
4 primary_expression
1 0 0 0 0 0 3 6 0 0 0
1 0 0 0 0 0 3 3 0 0 0
1 0 0 0 0 0 3 5 0 0 0
3 0 0 0 0 0 3 2 36 0 0 1 20 0 0 0 3 2 37 0 0
8 postfix_expression
1 0 0 0 0 0 1 1 0 0 0
4 0 0 0 0 0 1 2 0 0 0 3 2 38 0 0 1 20 0 0 0 3 2 39 0 0
3 0 0 0 0 0 1 2 0 0 0 3 2 36 0 0 3 2 37 0 0
4 0 0 0 0 0 1 2 0 0 0 3 2 36 0 0 1 3 0 0 0 3 2 37 0 0
3 0 0 0 0 0 1 2 0 0 0 3 2 43 0 0 3 6 0 0 0
3 0 0 0 0 0 1 2 0 0 0 3 2 51 0 0 3 6 0 0 0
2 0 0 0 0 0 1 2 0 0 0 3 1 22 0 0
2 0 0 0 0 0 1 2 0 0 0 3 1 23 0 0
2 argument_expression_list
1 0 0 0 0 0 1 18 0 0 0
3 0 0 0 0 0 1 3 0 0 0 3 2 44 0 0 1 18 0 0 0
6 unary_expression
1 0 0 0 0 0 1 2 0 0 0
2 0 0 0 0 0 3 1 22 0 0 1 4 0 0 0
2 0 0 0 0 0 3 1 23 0 0 1 4 0 0 0
2 0 0 0 0 0 1 5 0 0 0 1 6 0 0 0
2 0 0 0 0 0 3 7 31 0 0 1 4 0 0 0
4 0 0 0 0 0 3 7 31 0 0 3 2 36 0 0 1 47 0 0 0 3 2 37 0 0
6 unary_operator
1 0 0 0 0 0 3 1 16 0 0
1 0 0 0 0 0 3 1 3 0 0
1 0 0 0 0 0 3 1 1 0 0
1 0 0 0 0 0 3 1 2 0 0
1 0 0 0 0 0 3 1 20 0 0
1 0 0 0 0 0 3 1 21 0 0
2 cast_expression
1 0 0 0 0 0 1 4 0 0 0
4 0 0 0 0 0 3 2 36 0 0 1 47 0 0 0 3 2 37 0 0 1 6 0 0 0
4 multiplicative_expression
1 0 0 0 0 0 1 6 0 0 0
3 0 0 0 0 0 1 7 0 0 0 3 1 3 0 0 1 6 0 0 0
3 0 0 0 0 0 1 7 0 0 0 3 1 4 0 0 1 6 0 0 0
3 0 0 0 0 0 1 7 0 0 0 3 1 5 0 0 1 6 0 0 0
3 additive_expression
1 0 0 0 0 0 1 7 0 0 0
3 0 0 0 0 0 1 8 0 0 0 3 1 1 0 0 1 7 0 0 0
3 0 0 0 0 0 1 8 0 0 0 3 1 2 0 0 1 7 0 0 0
3 shift_expression
1 0 0 0 0 0 1 8 0 0 0
3 0 0 0 0 0 1 9 0 0 0 3 1 30 0 0 1 8 0 0 0
3 0 0 0 0 0 1 9 0 0 0 3 1 31 0 0 1 8 0 0 0
5 relational_expression
1 0 0 0 0 0 1 9 0 0 0
3 0 0 0 0 0 1 10 0 0 0 3 1 26 0 0 1 9 0 0 0
3 0 0 0 0 0 1 10 0 0 0 3 1 28 0 0 1 9 0 0 0
3 0 0 0 0 0 1 10 0 0 0 3 1 27 0 0 1 9 0 0 0
3 0 0 0 0 0 1 10 0 0 0 3 1 29 0 0 1 9 0 0 0
3 equality_expression
1 0 0 0 0 0 1 10 0 0 0
3 0 0 0 0 0 1 11 0 0 0 3 1 24 0 0 1 10 0 0 0
3 0 0 0 0 0 1 11 0 0 0 3 1 25 0 0 1 10 0 0 0
2 and_expression
1 0 0 0 0 0 1 11 0 0 0
3 0 0 0 0 0 1 12 0 0 0 3 1 16 0 0 1 11 0 0 0
2 exclusive_or_expression
1 0 0 0 0 0 1 12 0 0 0
3 0 0 0 0 0 1 13 0 0 0 3 1 19 0 0 1 12 0 0 0
2 inclusive_or_expression
1 0 0 0 0 0 1 13 0 0 0
3 0 0 0 0 0 1 14 0 0 0 3 1 15 0 0 1 13 0 0 0
2 logical_and_expression
1 0 0 0 0 0 1 14 0 0 0
3 0 0 0 0 0 1 15 0 0 0 3 1 18 0 0 1 14 0 0 0
2 logical_or_expression
1 0 0 0 0 0 1 15 0 0 0
3 0 0 0 0 0 1 16 0 0 0 3 1 17 0 0 1 15 0 0 0
2 conditional_expression
1 0 0 0 0 0 1 16 0 0 0
5 0 0 0 0 0 1 16 0 0 0 3 1 40 0 0 1 20 0 0 0 3 2 46 0 0 1 17 0 0 0
2 assignment_expression
1 0 0 0 0 0 1 17 0 0 0
3 0 0 0 0 0 1 4 0 0 0 1 19 0 0 0 1 18 0 0 0
11 assignment_operator
1 0 0 0 0 0 3 1 14 0 0
1 0 0 0 0 0 3 1 8 0 0
1 0 0 0 0 0 3 1 9 0 0
1 0 0 0 0 0 3 1 10 0 0
1 0 0 0 0 0 3 1 6 0 0
1 0 0 0 0 0 3 1 7 0 0
1 0 0 0 0 0 3 1 32 0 0
1 0 0 0 0 0 3 1 33 0 0
1 0 0 0 0 0 3 1 11 0 0
1 0 0 0 0 0 3 1 13 0 0
1 0 0 0 0 0 3 1 12 0 0
2 expression
1 0 0 0 0 0 1 18 0 0 0
3 0 0 0 0 0 1 20 0 0 0 3 2 44 0 0 1 18 0 0 0
1 constant_expression
1 0 0 0 0 0 1 17 0 0 0
2 declaration
3 0 0 0 0 0 1 23 0 0 0 7 73 6 0 8 3 2 45 0 0
4 0 0 0 0 0 1 23 0 0 0 1 24 0 0 0 7 73 6 0 8 3 2 45 0 0
6 declaration_specifiers
1 0 0 0 0 0 1 26 0 0 0
2 0 0 0 0 0 1 26 0 0 0 1 23 0 0 0
1 0 0 0 0 0 1 27 0 0 0
2 0 0 0 0 0 1 27 0 0 0 1 23 0 0 0
1 0 0 0 0 0 1 38 0 0 0
2 0 0 0 0 0 1 38 0 0 0 1 23 0 0 0
2 init_declarator_list
1 0 0 0 0 0 1 25 0 0 0
4 0 0 0 0 0 1 24 0 0 0 7 73 5 0 8 3 2 44 0 0 1 25 0 0 0
2 init_declarator
1 0 0 0 0 0 1 39 0 0 0
3 0 0 0 0 0 1 39 0 0 0 3 1 14 0 0 1 50 0 0 0
5 storage_class_specifier
2 0 0 0 0 0 7 73 2 0 8 3 7 33 0 0
1 0 0 0 0 0 3 7 28 0 0
1 0 0 0 0 0 3 7 25 0 0
1 0 0 0 0 0 3 7 26 0 0
1 0 0 0 0 0 3 7 29 0 0
12 type_specifier
1 0 0 0 0 0 3 7 17 0 0
1 0 0 0 0 0 3 7 27 0 0
1 0 0 0 0 0 3 7 18 0 0
1 0 0 0 0 0 3 7 19 0 0
1 0 0 0 0 0 3 7 20 0 0
1 0 0 0 0 0 3 7 21 0 0
1 0 0 0 0 0 3 7 22 0 0
1 0 0 0 0 0 3 7 30 0 0
1 0 0 0 0 0 3 7 35 0 0
1 0 0 0 0 0 1 28 0 0 0
1 0 0 0 0 0 1 35 0 0 0
1 0 0 0 0 0 3 6 1 0 0
3 struct_or_union_specifier
7 0 0 0 0 0 1 29 0 0 0 3 6 0 0 0 7 73 13 0 8 3 2 34 0 0 1 30 0 0 0 7 73 14 0 8 3 2 35 0 0
6 0 0 0 0 0 1 29 0 0 0 7 73 13 0 8 3 2 34 0 0 1 30 0 0 0 7 73 14 0 8 3 2 35 0 0
2 0 0 0 0 0 1 29 0 0 0 3 6 0 0 0
2 struct_or_union
1 0 0 0 0 0 3 7 32 0 0
1 0 0 0 0 0 3 7 34 0 0
2 struct_declaration_list
1 0 0 0 0 0 1 31 0 0 0
2 0 0 0 0 0 1 30 0 0 0 1 31 0 0 0
1 struct_declaration
3 0 0 0 0 0 1 32 0 0 0 1 33 0 0 0 3 2 45 0 0
4 specifier_qualifier_list
2 0 0 0 0 0 1 27 0 0 0 1 32 0 0 0
1 0 0 0 0 0 1 27 0 0 0
2 0 0 0 0 0 1 38 0 0 0 1 32 0 0 0
1 0 0 0 0 0 1 38 0 0 0
2 struct_declarator_list
1 0 0 0 0 0 1 34 0 0 0
3 0 0 0 0 0 1 33 0 0 0 3 2 44 0 0 1 34 0 0 0
3 struct_declarator
1 0 0 0 0 0 1 39 0 0 0
2 0 0 0 0 0 3 2 46 0 0 1 21 0 0 0
3 0 0 0 0 0 1 39 0 0 0 3 2 46 0 0 1 21 0 0 0
3 enum_specifier
6 0 0 0 0 0 3 7 15 0 0 7 73 15 0 8 3 2 34 0 0 1 36 0 0 0 7 73 16 0 8 3 2 35 0 0
7 0 0 0 0 0 3 7 15 0 0 3 6 0 0 0 7 73 15 0 8 3 2 34 0 0 1 36 0 0 0 7 73 16 0 8 3 2 35 0 0
2 0 0 0 0 0 3 7 15 0 0 3 6 0 0 0
2 enumerator_list
1 0 0 0 0 0 1 37 0 0 0
3 0 0 0 0 0 1 36 0 0 0 3 2 44 0 0 1 37 0 0 0
2 enumerator
1 0 0 0 0 0 3 6 3 0 0
3 0 0 0 0 0 3 6 3 0 0 3 1 14 0 0 1 21 0 0 0
2 type_qualifier
1 0 0 0 0 0 3 7 24 0 0
1 0 0 0 0 0 3 7 36 0 0
2 declarator
2 0 0 0 0 0 1 41 0 0 0 1 40 0 0 0
1 0 0 0 0 0 1 40 0 0 0
7 direct_declarator
1 0 0 0 0 0 3 6 2 0 0
3 0 0 0 0 0 3 2 36 0 0 1 39 0 0 0 3 2 37 0 0
4 0 0 0 0 0 1 40 0 0 0 3 2 38 0 0 1 21 0 0 0 3 2 39 0 0
3 0 0 0 0 0 1 40 0 0 0 3 2 38 0 0 3 2 39 0 0
6 0 0 0 0 0 1 40 0 0 0 7 73 18 0 8 3 2 36 0 0 1 43 0 0 0 7 73 19 0 8 3 2 37 0 0
6 0 0 0 0 0 1 40 0 0 0 7 73 18 0 8 3 2 36 0 0 1 46 0 0 0 7 73 19 0 8 3 2 37 0 0
5 0 0 0 0 0 1 40 0 0 0 7 73 18 0 8 3 2 36 0 0 7 73 19 0 8 3 2 37 0 0
4 pointer
1 0 0 0 0 0 3 1 3 0 0
2 0 0 0 0 0 3 1 3 0 0 1 42 0 0 0
2 0 0 0 0 0 3 1 3 0 0 1 41 0 0 0
3 0 0 0 0 0 3 1 3 0 0 1 42 0 0 0 1 41 0 0 0
2 type_qualifier_list
1 0 0 0 0 0 1 38 0 0 0
2 0 0 0 0 0 1 42 0 0 0 1 38 0 0 0
2 parameter_type_list
1 0 0 0 0 0 1 44 0 0 0
3 0 0 0 0 0 1 44 0 0 0 3 2 44 0 0 3 2 52 0 0
2 parameter_list
1 0 0 0 0 0 1 45 0 0 0
3 0 0 0 0 0 1 44 0 0 0 3 2 44 0 0 1 45 0 0 0
3 parameter_declaration
2 0 0 0 0 0 1 23 0 0 0 1 39 0 0 0
2 0 0 0 0 0 1 23 0 0 0 1 48 0 0 0
1 0 0 0 0 0 1 23 0 0 0
2 identifier_list
1 0 0 0 0 0 3 6 0 0 0
3 0 0 0 0 0 1 46 0 0 0 3 2 44 0 0 3 6 0 0 0
2 type_name
1 0 0 0 0 0 1 32 0 0 0
2 0 0 0 0 0 1 32 0 0 0 1 48 0 0 0
3 abstract_declarator
1 0 0 0 0 0 1 41 0 0 0
1 0 0 0 0 0 1 49 0 0 0
2 0 0 0 0 0 1 41 0 0 0 1 49 0 0 0
9 direct_abstract_declarator
3 0 0 0 0 0 3 2 36 0 0 1 48 0 0 0 3 2 37 0 0
2 0 0 0 0 0 3 2 38 0 0 3 2 39 0 0
3 0 0 0 0 0 3 2 38 0 0 1 21 0 0 0 3 2 39 0 0
3 0 0 0 0 0 1 49 0 0 0 3 2 38 0 0 3 2 39 0 0
4 0 0 0 0 0 1 49 0 0 0 3 2 38 0 0 1 21 0 0 0 3 2 39 0 0
2 0 0 0 0 0 3 2 36 0 0 3 2 37 0 0
5 0 0 0 0 0 3 2 36 0 0 7 73 18 0 8 1 43 0 0 0 7 73 19 0 8 3 2 37 0 0
3 0 0 0 0 0 1 49 0 0 0 3 2 36 0 0 3 2 37 0 0
6 0 0 0 0 0 1 49 0 0 0 3 2 36 0 0 7 73 18 0 8 1 43 0 0 0 7 73 19 0 8 3 2 37 0 0
3 initializer
1 0 0 0 0 0 1 18 0 0 0
3 0 0 0 0 0 3 2 34 0 0 1 51 0 0 0 3 2 35 0 0
4 0 0 0 0 0 3 2 34 0 0 1 51 0 0 0 3 2 44 0 0 3 2 35 0 0
2 initializer_list
1 0 0 0 0 0 1 50 0 0 0
3 0 0 0 0 0 1 51 0 0 0 3 2 44 0 0 1 50 0 0 0
6 statement
1 0 0 0 0 0 1 53 0 0 0
1 0 0 0 0 0 1 54 0 0 0
1 0 0 0 0 0 1 57 0 0 0
1 0 0 0 0 0 1 58 0 0 0
1 0 0 0 0 0 1 59 0 0 0
1 0 0 0 0 0 1 60 0 0 0
3 labeled_statement
3 0 0 0 0 0 3 6 0 0 0 3 2 46 0 0 1 52 0 0 0
4 0 0 0 0 0 3 7 11 0 0 1 21 0 0 0 3 2 46 0 0 1 52 0 0 0
3 0 0 0 0 0 3 7 16 0 0 3 2 46 0 0 1 52 0 0 0
4 compound_statement
4 0 0 0 0 0 7 73 9 0 8 3 2 34 0 0 7 73 10 0 8 3 2 35 0 0
5 0 0 0 0 0 7 73 9 0 8 3 2 34 0 0 1 56 0 0 0 7 73 10 0 8 3 2 35 0 0
5 0 0 0 0 0 7 73 9 0 8 3 2 34 0 0 1 55 0 0 0 7 73 10 0 8 3 2 35 0 0
6 0 0 0 0 0 7 73 9 0 8 3 2 34 0 0 1 55 0 0 0 1 56 0 0 0 7 73 10 0 8 3 2 35 0 0
2 declaration_list
1 0 0 0 0 0 1 22 0 0 0
2 0 0 0 0 0 1 55 0 0 0 1 22 0 0 0
2 statement_list
1 0 0 0 0 0 1 52 0 0 0
2 0 0 0 0 0 1 56 0 0 0 1 52 0 0 0
2 expression_statement
1 0 0 0 0 0 3 2 45 0 0
2 0 0 0 0 0 1 20 0 0 0 3 2 45 0 0
3 selection_statement
5 0 0 0 0 0 3 7 3 0 0 3 2 36 0 0 1 20 0 0 0 3 2 37 0 0 1 52 0 0 0
7 0 0 0 0 0 3 7 3 0 0 3 2 36 0 0 1 20 0 0 0 3 2 37 0 0 1 52 0 0 0 3 7 4 0 0 1 52 0 0 0
5 0 0 0 0 0 3 7 10 0 0 3 2 36 0 0 1 20 0 0 0 3 2 37 0 0 1 52 0 0 0
4 iteration_statement
5 0 0 0 0 0 3 7 2 0 0 3 2 36 0 0 1 20 0 0 0 3 2 37 0 0 1 52 0 0 0
7 0 0 0 0 0 3 7 5 0 0 1 52 0 0 0 3 7 2 0 0 3 2 36 0 0 1 20 0 0 0 3 2 37 0 0 3 2 45 0 0
6 0 0 0 0 0 3 7 1 0 0 3 2 36 0 0 1 57 0 0 0 1 57 0 0 0 3 2 37 0 0 1 52 0 0 0
7 0 0 0 0 0 3 7 1 0 0 3 2 36 0 0 1 57 0 0 0 1 57 0 0 0 1 20 0 0 0 3 2 37 0 0 1 52 0 0 0
5 jump_statement
3 0 0 0 0 0 3 7 6 0 0 3 6 0 0 0 3 2 45 0 0
2 0 0 0 0 0 3 7 7 0 0 3 2 45 0 0
2 0 0 0 0 0 3 7 8 0 0 3 2 45 0 0
2 0 0 0 0 0 3 7 9 0 0 3 2 45 0 0
3 0 0 0 0 0 3 7 9 0 0 1 20 0 0 0 3 2 45 0 0
2 translation_unit
1 0 0 0 0 0 1 62 0 0 0
2 0 0 0 0 0 1 61 0 0 0 1 62 0 0 0
2 external_declaration
1 0 0 0 0 0 1 63 0 0 0
1 0 0 0 0 0 1 22 0 0 0
4 function_definition
6 0 0 0 0 0 1 23 0 0 0 1 39 0 0 0 7 73 11 0 8 1 55 0 0 0 1 54 0 0 0 7 73 12 0 8
5 0 0 0 0 0 1 23 0 0 0 1 39 0 0 0 7 73 11 0 8 1 54 0 0 0 7 73 12 0 8
5 0 0 0 0 0 1 39 0 0 0 7 73 11 0 8 1 55 0 0 0 1 54 0 0 0 7 73 12 0 8
4 0 0 0 0 0 1 39 0 0 0 7 73 11 0 8 1 54 0 0 0 7 73 12 0 8
0
