331648 0
77
1 S_
1 0 0 0 0 0 1 48 0 0 0
2 DefParInit
4 0 0 0 0 0 3 1 14 0 0 6 70 0 0 16 1 50 0 0 0 6 20 0 0 24
1 0 0 0 0 0 4 0 0 0 0
2 DefPar
8 0 0 0 0 0 3 12 4 0 0 6 0 0 0 256 3 12 2 0 0 6 19 0 0 24 1 51 0 0 0 6 15 0 4099 512 1 1 0 0 0 6 15 2 129 512
6 0 0 0 0 0 3 12 5 0 0 6 0 0 0 256 3 6 0 0 0 6 18 0 0 24 1 1 0 0 0 6 14 0 66 512
2 DefParList
4 0 0 0 0 0 3 2 44 0 0 1 52 0 0 0 6 2 6 0 256 1 3 0 0 0
1 0 0 0 0 0 4 0 0 0 0
3 BodyFunc
2 0 0 0 0 0 3 2 45 0 0 6 23 0 0 24
3 0 0 0 0 0 3 12 10 0 0 6 23 1 0 24 6 35 0 1 512
6 0 0 0 0 0 3 2 34 0 0 6 21 0 0 16 1 54 0 0 0 6 0 0 1 512 3 2 35 0 0 6 23 2 0 24
2 DefFunc_
1 0 0 0 0 0 3 12 11 0 0
5 0 0 0 0 0 3 2 36 0 0 1 53 0 0 0 6 0 0 1 512 6 72 0 0 280 3 2 37 0 0
2 AInitItem
1 0 0 0 0 0 1 8 0 0 0
2 0 0 0 0 0 1 50 0 0 0 6 66 0 0 16
2 AInitialList
5 0 0 0 0 0 3 2 44 0 0 1 6 0 0 0 6 2 6 0 256 6 2 0 0 8 1 7 0 0 0
1 0 0 0 0 0 4 0 0 0 0
2 Initializer
4 0 0 0 0 0 3 12 10 0 0 6 67 0 0 16 6 44 0 0 8 6 33 0 0 512
7 0 0 0 0 0 3 2 34 0 0 6 67 1 0 16 6 44 0 0 8 6 33 0 128 512 1 55 0 0 0 3 2 35 0 0 6 68 0 0 16
2 DefAInit
4 0 0 0 0 0 3 1 14 0 0 6 65 0 0 16 1 8 0 0 0 6 24 0 0 24
1 0 0 0 0 0 4 0 0 0 0
2 DRanges
6 0 0 0 0 0 3 2 38 0 0 1 50 0 0 0 6 2 10 0 256 3 2 39 0 0 6 26 0 0 24 1 10 0 0 0
1 0 0 0 0 0 4 0 0 0 0
2 DefArrD1A
3 0 0 0 0 0 3 12 12 0 0 6 27 0 0 24 6 34 5 0 512
5 0 0 0 0 0 3 2 38 0 0 1 50 0 0 0 6 34 2 1 512 3 2 39 0 0 6 26 0 0 24
2 DefVarInit
4 0 0 0 0 0 3 1 14 0 0 6 69 0 0 16 1 50 0 0 0 6 29 0 0 24
1 0 0 0 0 0 4 0 0 0 0
2 DefIAV
6 0 0 0 0 0 3 12 2 0 0 6 25 0 0 24 1 51 0 0 0 6 15 0 4096 512 1 9 0 0 0 6 15 2 129 512
4 0 0 0 0 0 3 6 0 0 0 6 28 0 0 24 1 12 0 0 0 6 14 0 64 512
2 DefItem
4 0 0 0 0 0 3 11 7 0 0 1 13 0 0 0 6 31 0 0 8 6 38 0 1 512
1 0 0 0 0 0 1 13 0 0 0
2 DefType
1 0 0 0 0 0 3 12 4 0 0
1 0 0 0 0 0 3 12 5 0 0
2 DefineList
6 0 0 0 0 0 3 2 44 0 0 1 14 0 0 0 6 2 10 0 256 6 2 0 0 8 6 72 1 0 280 1 16 0 0 0
1 0 0 0 0 0 4 0 0 0 0
2 Condition
6 0 0 0 0 0 3 12 5 0 0 6 32 0 0 24 1 18 0 0 0 6 30 0 0 24 6 0 0 1 512 6 72 0 0 280
1 0 0 0 0 0 1 58 0 0 0
2 ConditionDef
4 0 0 0 0 0 3 11 7 0 0 1 56 0 0 0 6 31 0 0 8 6 38 0 1 512
1 0 0 0 0 0 1 56 0 0 0
2 ExprList
6 0 0 0 0 0 3 2 44 0 0 1 50 0 0 0 6 2 6 0 256 6 2 0 0 8 6 48 0 0 16 1 19 0 0 0
1 0 0 0 0 0 4 0 0 0 0
2 AssignList
4 0 0 0 0 0 3 11 1 0 0 1 50 0 0 0 6 11 0 0 24 6 3 0 66 512
1 0 0 0 0 0 4 0 0 0 0
2 QuestionList
9 0 0 0 0 0 3 11 2 0 0 6 49 0 0 16 1 60 0 0 0 6 5 0 0 512 3 2 46 0 0 6 50 0 0 16 1 60 0 0 0 6 5 1 0 512 6 16 0 0 24
1 0 0 0 0 0 4 0 0 0 0
2 AndAnd_
5 0 0 0 0 0 3 11 3 0 0 1 62 0 0 0 6 11 0 0 24 6 3 0 8259 512 1 22 0 0 0
1 0 0 0 0 0 4 0 0 0 0
2 Or_
5 0 0 0 0 0 3 11 4 0 0 1 63 0 0 0 6 11 0 0 24 6 3 0 8259 512 1 23 0 0 0
1 0 0 0 0 0 4 0 0 0 0
2 XOr_
5 0 0 0 0 0 3 11 5 0 0 1 64 0 0 0 6 11 0 0 24 6 3 0 8259 512 1 24 0 0 0
1 0 0 0 0 0 4 0 0 0 0
2 And_
5 0 0 0 0 0 3 11 6 0 0 1 65 0 0 0 6 11 0 0 24 6 3 0 8259 512 1 25 0 0 0
1 0 0 0 0 0 4 0 0 0 0
2 Equ_
5 0 0 0 0 0 3 11 7 0 0 1 66 0 0 0 6 11 0 0 24 6 3 0 8259 512 1 26 0 0 0
1 0 0 0 0 0 4 0 0 0 0
2 Compare_
5 0 0 0 0 0 3 11 8 0 0 1 67 0 0 0 6 11 0 0 24 6 3 0 8259 512 1 27 0 0 0
1 0 0 0 0 0 4 0 0 0 0
2 Shift_
5 0 0 0 0 0 3 11 9 0 0 1 68 0 0 0 6 11 0 0 24 6 3 0 8259 512 1 28 0 0 0
1 0 0 0 0 0 4 0 0 0 0
2 Term_
5 0 0 0 0 0 3 11 10 0 0 1 69 0 0 0 6 11 0 0 24 6 3 0 8259 512 1 29 0 0 0
1 0 0 0 0 0 4 0 0 0 0
2 Factor_
5 0 0 0 0 0 3 11 11 0 0 1 70 0 0 0 6 11 0 0 24 6 3 0 8259 512 1 30 0 0 0
1 0 0 0 0 0 4 0 0 0 0
2 Unary_
5 0 0 0 0 0 3 11 12 0 0 1 32 0 0 0 6 11 0 0 24 6 3 0 8259 512 1 31 0 0 0
1 0 0 0 0 0 4 0 0 0 0
5 Unary
4 0 0 0 0 0 3 11 13 0 0 1 32 0 0 0 6 12 0 0 24 6 2 0 129 512
4 0 0 0 0 0 3 11 11 0 0 1 32 0 0 0 6 12 0 0 24 6 2 1 129 512
4 0 0 0 0 0 3 11 14 0 0 1 32 0 0 0 6 12 0 0 24 6 2 0 129 512
4 0 0 0 0 0 3 12 9 0 0 1 32 0 0 0 6 15 0 0 24 6 9 0 129 512
3 0 0 0 0 0 1 34 0 0 0 6 0 0 129 512 1 33 0 0 0
2 UnaryIncDec
3 0 0 0 0 0 3 11 14 0 0 6 13 0 0 24 6 2 1 2 512
1 0 0 0 0 0 4 0 0 0 0
7 PrimaryExpr
3 0 0 0 0 0 3 12 2 0 0 1 71 0 0 0 6 20 0 1 512
3 0 0 0 0 0 3 12 1 0 0 1 35 0 0 0 6 19 0 1 512
3 0 0 0 0 0 3 3 0 0 0 6 5 0 0 24 6 6 0 1 512
3 0 0 0 0 0 3 4 0 0 0 6 5 0 0 24 6 6 0 1 512
3 0 0 0 0 0 3 6 0 0 0 6 6 0 0 24 6 18 0 1 512
5 0 0 0 0 0 3 2 36 0 0 1 73 0 0 0 6 0 0 1 512 3 2 37 0 0 6 14 0 0 8
4 0 0 0 0 0 3 12 8 0 0 1 72 0 0 0 6 15 0 0 24 6 9 0 1 512
2 CallParams
3 0 0 0 0 0 3 12 11 0 0 6 8 0 0 24 6 33 0 0 512
5 0 0 0 0 0 3 2 36 0 0 1 75 0 0 0 6 0 0 1 512 3 2 37 0 0 6 8 1 0 24
2 RangesList
6 0 0 0 0 0 3 2 38 0 0 1 74 0 0 0 6 2 10 0 256 3 2 39 0 0 6 10 0 0 24 1 36 0 0 0
1 0 0 0 0 0 4 0 0 0 0
2 CompaundStmnt
4 0 0 0 0 0 3 12 10 0 0 6 42 0 0 24 6 45 0 0 16 6 35 0 1 512
7 0 0 0 0 0 3 2 34 0 0 6 42 0 0 24 1 54 0 0 0 6 0 0 1 512 3 2 35 0 0 6 45 0 0 16 6 2 0 0 8
2 IfStmnt_
4 0 0 0 0 0 3 7 4 0 0 6 58 0 0 16 1 39 0 0 0 6 36 1 0 24
2 0 0 0 0 0 4 0 0 0 0 6 36 0 0 24
4 DefExpr
3 0 0 0 0 0 3 2 45 0 0 6 43 0 0 8 6 35 0 1 512
4 0 0 0 0 0 1 57 0 0 0 6 0 0 1 512 6 72 0 0 280 3 2 45 0 0
1 0 0 0 0 0 1 44 0 0 0
3 0 0 0 0 0 1 76 0 0 0 6 0 0 1 512 3 2 45 0 0
3 ForPrefix
3 0 0 0 0 0 3 2 45 0 0 6 43 0 0 8 6 35 0 1 512
4 0 0 0 0 0 1 57 0 0 0 6 0 0 1 512 6 72 0 0 280 3 2 45 0 0
3 0 0 0 0 0 1 76 0 0 0 6 0 0 1 512 3 2 45 0 0
2 ForCondition
3 0 0 0 0 0 3 2 45 0 0 6 43 0 0 24 6 35 0 1 512
3 0 0 0 0 0 1 17 0 0 0 6 0 0 1 512 3 2 45 0 0
2 ForPosfix
3 0 0 0 0 0 3 2 37 0 0 6 43 0 0 8 6 35 0 1 512
3 0 0 0 0 0 1 76 0 0 0 6 0 0 1 512 3 2 37 0 0
2 ReturnVal
2 0 0 0 0 0 1 74 0 0 0 6 40 1 0 24
2 0 0 0 0 0 4 0 0 0 0 6 40 0 0 24
10 Statement
6 0 0 0 0 0 3 12 7 0 0 3 2 46 0 0 6 7 0 0 16 1 39 0 0 0 6 24 0 1 512 6 7 0 0 8
11 0 0 0 0 0 3 7 3 0 0 3 2 36 0 0 6 56 0 0 16 1 17 0 0 0 6 29 0 1 512 3 2 37 0 0 6 57 0 0 16 1 39 0 0 0 6 29 1 1 512 1 38 0 0 0 6 29 2 1 512
12 0 0 0 0 0 3 7 5 0 0 6 52 0 0 16 1 39 0 0 0 6 0 0 1 512 3 7 2 0 0 3 2 36 0 0 6 53 0 0 16 1 17 0 0 0 6 23 0 257 512 3 2 37 0 0 3 2 45 0 0 6 33 0 0 24
10 0 0 0 0 0 3 7 2 0 0 6 54 0 0 16 3 2 36 0 0 1 17 0 0 0 6 0 0 1 512 3 2 37 0 0 6 55 0 0 16 1 39 0 0 0 6 34 0 0 24 6 22 0 66 512
15 0 0 0 0 0 3 7 1 0 0 3 2 36 0 0 6 59 0 0 16 1 40 0 0 0 6 60 0 0 16 6 21 0 1 512 1 41 0 0 0 6 61 0 0 16 6 21 1 1 512 1 42 0 0 0 6 62 0 0 16 6 21 2 1 512 1 39 0 0 0 6 21 3 1 512 6 35 0 0 24
5 0 0 0 0 0 3 7 6 0 0 3 6 0 0 0 3 2 45 0 0 6 25 0 1 512 6 37 0 0 24
4 0 0 0 0 0 3 7 8 0 0 3 2 45 0 0 6 38 0 0 24 6 26 0 1 512
4 0 0 0 0 0 3 7 7 0 0 3 2 45 0 0 6 39 0 0 24 6 27 0 1 512
4 0 0 0 0 0 3 7 9 0 0 1 43 0 0 0 6 28 0 1 512 3 2 45 0 0
1 0 0 0 0 0 1 37 0 0 0
2 StmExprList
4 0 0 0 0 0 1 39 0 0 0 6 2 6 0 256 6 2 0 0 8 1 45 0 0 0
1 0 0 0 0 0 4 0 0 0 0
3 DefFAV
3 0 0 0 0 0 3 2 45 0 0 6 43 0 0 8 6 35 0 1 512
9 0 0 0 0 0 3 12 3 0 0 6 16 0 0 512 3 12 1 0 0 6 16 1 0 512 6 22 0 0 24 1 5 0 0 0 6 16 2 0 512 1 4 0 0 0 6 16 3 0 512
4 0 0 0 0 0 1 57 0 0 0 6 0 0 1 512 6 72 0 0 280 3 2 45 0 0
2 DefinesList
4 0 0 0 0 0 1 46 0 0 0 6 2 6 0 256 6 2 0 0 8 1 47 0 0 0
1 0 0 0 0 0 4 0 0 0 0
1 Program
2 0 0 0 0 0 1 49 0 0 0 6 0 1 1 512
1 Defines
4 0 0 0 0 0 6 41 0 0 24 6 13 0 194 512 1 47 0 0 0 6 45 0 0 16
1 Assign
3 0 0 0 0 0 1 60 0 0 0 6 0 0 129 512 1 20 0 0 0
1 DefArrDA
4 0 0 0 0 0 1 11 0 0 0 6 0 0 129 512 1 10 0 0 0 6 64 0 0 16
1 DefParItem
2 0 0 0 0 0 1 2 0 0 0 6 2 0 0 8
1 DefParams
5 0 0 0 0 0 6 44 0 0 8 1 52 0 0 0 6 33 1 129 512 1 3 0 0 0 6 21 0 0 8
1 StmExpr
4 0 0 0 0 0 6 41 0 0 24 6 13 0 194 512 1 45 0 0 0 6 45 0 0 16
1 AInitial
4 0 0 0 0 0 1 6 0 0 0 6 2 0 0 8 6 2 6 0 256 1 7 0 0 0
1 DefVar
4 0 0 0 0 0 3 6 0 0 0 6 28 0 0 24 1 12 0 0 0 6 14 0 64 512
1 Define
9 0 0 0 0 0 1 15 0 0 0 6 32 0 0 24 6 17 0 5 512 1 14 0 0 0 6 2 2 0 256 6 2 0 0 8 6 72 1 0 280 1 16 0 0 0 6 63 0 0 16
1 ExpressionCondition
4 0 0 0 0 0 6 46 241 0 16 1 59 0 0 0 6 1 241 0 8 6 1 241 0 256
1 Expressions
5 0 0 0 0 0 1 50 0 0 0 6 17 0 0 24 6 11 1 194 512 1 19 0 0 0 6 1 0 0 16
1 Question
3 0 0 0 0 0 1 61 0 0 0 6 0 0 129 512 1 21 0 0 0
1 OrOr
3 0 0 0 0 0 1 62 0 0 0 6 0 0 129 512 1 22 0 0 0
1 AndAnd
3 0 0 0 0 0 1 63 0 0 0 6 0 0 129 512 1 23 0 0 0
1 Or
3 0 0 0 0 0 1 64 0 0 0 6 0 0 129 512 1 24 0 0 0
1 XOr
3 0 0 0 0 0 1 65 0 0 0 6 0 0 129 512 1 25 0 0 0
1 And
3 0 0 0 0 0 1 66 0 0 0 6 0 0 129 512 1 26 0 0 0
1 Equ
3 0 0 0 0 0 1 67 0 0 0 6 0 0 129 512 1 27 0 0 0
1 Compare
3 0 0 0 0 0 1 68 0 0 0 6 0 0 129 512 1 28 0 0 0
1 Shift
3 0 0 0 0 0 1 69 0 0 0 6 0 0 129 512 1 29 0 0 0
1 Term
3 0 0 0 0 0 1 70 0 0 0 6 0 0 129 512 1 30 0 0 0
1 Factor
3 0 0 0 0 0 1 32 0 0 0 6 0 0 129 512 1 31 0 0 0
1 Ranges
4 0 0 0 0 0 6 9 0 0 24 6 33 0 194 512 1 36 0 0 0 6 51 0 0 16
1 Primary
5 0 0 0 0 0 3 2 36 0 0 1 73 0 0 0 6 0 0 1 512 3 2 37 0 0 6 14 0 0 8
1 ExpressionNone
4 0 0 0 0 0 6 46 0 0 16 1 59 0 0 0 6 1 0 0 8 6 1 0 0 256
1 ExpressionValue
4 0 0 0 0 0 6 46 256 0 16 1 59 0 0 0 6 1 256 0 8 6 1 256 0 256
1 ExpressionValueList
4 0 0 0 0 0 6 46 512 0 16 1 59 0 0 0 6 1 512 0 8 6 1 512 0 256
1 ExpressionExpression
4 0 0 0 0 0 6 46 16 0 16 1 59 0 0 0 6 1 16 0 8 6 1 16 0 256
0
