329472 0
84
1 S_
1 0 0 0 0 0 1 50 0 0 0
4 formula_00001
4 0 0 0 0 0 3 7 24 0 0 3 7 23 0 0 3 1 16 0 0 6 0 11 0 24
3 0 0 0 0 0 3 7 23 0 0 3 1 16 0 0 6 0 9 0 24
3 0 0 0 0 0 3 7 24 0 0 3 7 23 0 0 6 0 3 0 24
2 0 0 0 0 0 3 7 23 0 0 6 0 1 0 24
2 formula_00002
3 0 0 0 0 0 3 1 14 0 0 1 54 0 0 0 6 20 0 0 24
1 0 0 0 0 0 4 0 0 0 0
2 DefParItem
5 0 0 0 0 0 1 52 0 0 0 3 2 38 0 0 6 19 0 0 24 1 55 0 0 0 1 53 0 0 0
3 0 0 0 0 0 1 52 0 0 0 6 18 0 0 24 1 53 0 0 0
2 formula_00004
4 0 0 0 0 0 3 2 44 0 0 1 3 0 0 0 6 2 0 0 8 1 4 0 0 0
1 0 0 0 0 0 4 0 0 0 0
3 BodyFunc
2 0 0 0 0 0 3 2 45 0 0 6 23 0 0 24
3 0 0 0 0 0 3 2 34 0 0 3 2 35 0 0 6 23 1 0 24
5 0 0 0 0 0 3 2 34 0 0 6 41 0 0 24 1 6 0 0 0 3 2 35 0 0 6 23 2 0 24
2 StmExpr
3 0 0 0 0 0 1 42 0 0 0 6 2 0 0 8 1 6 0 0 0
1 0 0 0 0 0 4 0 0 0 0
6 DefFuncType
4 0 0 0 0 0 3 7 25 0 0 3 7 24 0 0 3 7 23 0 0 6 0 7 0 24
3 0 0 0 0 0 3 7 25 0 0 3 7 23 0 0 6 0 5 0 24
3 0 0 0 0 0 3 7 24 0 0 3 7 23 0 0 6 0 3 0 24
2 0 0 0 0 0 3 7 23 0 0 6 0 1 0 24
3 0 0 0 0 0 3 7 25 0 0 3 7 17 0 0 6 0 36 0 24
2 0 0 0 0 0 3 7 17 0 0 6 0 32 0 24
2 DefFunc_
1 0 0 0 0 0 3 2 37 0 0
2 0 0 0 0 0 1 56 0 0 0 3 2 37 0 0
2 AInitItem
1 0 0 0 0 0 1 11 0 0 0
2 0 0 0 0 0 1 65 0 0 0 1 22 0 0 0
2 formula_00010
4 0 0 0 0 0 3 2 44 0 0 1 9 0 0 0 6 2 0 0 8 1 10 0 0 0
1 0 0 0 0 0 4 0 0 0 0
2 Initializer
3 0 0 0 0 0 3 2 34 0 0 3 2 35 0 0 6 44 0 0 8
4 0 0 0 0 0 3 2 34 0 0 6 44 0 0 8 1 57 0 0 0 3 2 35 0 0
2 DefAInit
3 0 0 0 0 0 3 1 14 0 0 1 11 0 0 0 6 24 0 0 24
1 0 0 0 0 0 4 0 0 0 0
2 DRanges_
2 0 0 0 0 0 1 59 0 0 0 1 13 0 0 0
1 0 0 0 0 0 4 0 0 0 0
2 DefArrD1A
2 0 0 0 0 0 3 2 39 0 0 6 27 0 0 24
3 0 0 0 0 0 1 54 0 0 0 3 2 39 0 0 6 26 0 0 24
2 DefVarInit
3 0 0 0 0 0 3 1 14 0 0 1 54 0 0 0 6 29 0 0 24
1 0 0 0 0 0 4 0 0 0 0
4 DefItem
3 0 0 0 0 0 3 1 16 0 0 1 60 0 0 0 6 31 0 0 8
3 0 0 0 0 0 3 1 16 0 0 1 61 0 0 0 6 31 0 0 8
5 0 0 0 0 0 3 6 0 0 0 3 2 38 0 0 6 25 0 0 24 1 55 0 0 0 1 12 0 0 0
3 0 0 0 0 0 3 6 0 0 0 6 28 0 0 24 1 15 0 0 0
4 DefType
5 0 0 0 0 0 3 7 25 0 0 3 7 24 0 0 3 7 23 0 0 6 0 7 0 24 6 32 1 0 24
4 0 0 0 0 0 3 7 25 0 0 3 7 23 0 0 6 0 5 0 24 6 32 1 0 24
4 0 0 0 0 0 3 7 24 0 0 3 7 23 0 0 6 0 3 0 24 6 32 1 0 24
3 0 0 0 0 0 3 7 23 0 0 6 0 1 0 24 6 32 1 0 24
2 formula_00018
4 0 0 0 0 0 3 2 44 0 0 1 16 0 0 0 6 2 0 0 8 1 18 0 0 0
1 0 0 0 0 0 4 0 0 0 0
2 Condition
3 0 0 0 0 0 1 17 0 0 0 1 20 0 0 0 6 30 0 0 24
1 0 0 0 0 0 1 63 0 0 0
2 Condition_
3 0 0 0 0 0 3 1 16 0 0 1 61 0 0 0 6 31 0 0 8
3 0 0 0 0 0 3 6 0 0 0 6 28 0 0 24 1 15 0 0 0
2 Expressions_
4 0 0 0 0 0 3 2 44 0 0 1 54 0 0 0 6 2 0 0 8 1 21 0 0 0
1 0 0 0 0 0 4 0 0 0 0
2 formula_00022
3 0 0 0 0 0 3 11 1 0 0 1 54 0 0 0 6 11 0 0 24
1 0 0 0 0 0 4 0 0 0 0
2 formula_00023
5 0 0 0 0 0 3 11 2 0 0 1 65 0 0 0 3 2 46 0 0 1 65 0 0 0 6 16 0 0 24
1 0 0 0 0 0 4 0 0 0 0
2 AndAnd_
5 0 0 0 0 0 3 11 3 0 0 1 67 0 0 0 6 11 0 0 24 6 3 0 8259 512 1 24 0 0 0
1 0 0 0 0 0 4 0 0 0 0
2 Or_
5 0 0 0 0 0 3 11 4 0 0 1 68 0 0 0 6 11 0 0 24 6 3 0 8259 512 1 25 0 0 0
1 0 0 0 0 0 4 0 0 0 0
2 XOr_
5 0 0 0 0 0 3 11 5 0 0 1 69 0 0 0 6 11 0 0 24 6 3 0 8259 512 1 26 0 0 0
1 0 0 0 0 0 4 0 0 0 0
2 And_
5 0 0 0 0 0 3 11 6 0 0 1 70 0 0 0 6 11 0 0 24 6 3 0 8259 512 1 27 0 0 0
1 0 0 0 0 0 4 0 0 0 0
2 Equ_
5 0 0 0 0 0 3 11 7 0 0 1 71 0 0 0 6 11 0 0 24 6 3 0 8259 512 1 28 0 0 0
1 0 0 0 0 0 4 0 0 0 0
2 Compare_
5 0 0 0 0 0 3 11 8 0 0 1 72 0 0 0 6 11 0 0 24 6 3 0 8259 512 1 29 0 0 0
1 0 0 0 0 0 4 0 0 0 0
2 Shift_
5 0 0 0 0 0 3 11 9 0 0 1 73 0 0 0 6 11 0 0 24 6 3 0 8259 512 1 30 0 0 0
1 0 0 0 0 0 4 0 0 0 0
2 Term_
5 0 0 0 0 0 3 11 10 0 0 1 74 0 0 0 6 11 0 0 24 6 3 0 8259 512 1 31 0 0 0
1 0 0 0 0 0 4 0 0 0 0
2 Factor_
5 0 0 0 0 0 3 11 11 0 0 1 75 0 0 0 6 11 0 0 24 6 3 0 8259 512 1 32 0 0 0
1 0 0 0 0 0 4 0 0 0 0
2 Unary_
5 0 0 0 0 0 3 11 12 0 0 1 76 0 0 0 6 11 0 0 24 6 3 0 8259 512 1 33 0 0 0
1 0 0 0 0 0 4 0 0 0 0
2 UnaryIncDec
3 0 0 0 0 0 3 11 14 0 0 6 13 0 0 24 1 34 0 0 0
1 0 0 0 0 0 4 0 0 0 0
2 formula_00035
3 0 0 0 0 0 3 7 24 0 0 3 7 23 0 0 6 0 3 0 24
2 0 0 0 0 0 3 7 23 0 0 6 0 1 0 24
5 formula_00036
3 0 0 0 0 0 3 11 13 0 0 1 76 0 0 0 6 12 0 0 24
3 0 0 0 0 0 3 11 11 0 0 1 76 0 0 0 6 12 0 0 24
3 0 0 0 0 0 3 11 14 0 0 1 76 0 0 0 6 12 0 0 24
5 0 0 0 0 0 3 2 36 0 0 1 35 0 0 0 3 2 37 0 0 1 76 0 0 0 6 15 0 0 24
2 0 0 0 0 0 1 37 0 0 0 1 34 0 0 0
7 PrimaryExpr
3 0 0 0 0 0 3 6 0 0 0 3 2 38 0 0 1 77 0 0 0
3 0 0 0 0 0 3 6 0 0 0 3 2 36 0 0 1 78 0 0 0
2 0 0 0 0 0 3 3 0 0 0 6 5 0 0 24
2 0 0 0 0 0 3 4 0 0 0 6 5 0 0 24
2 0 0 0 0 0 3 6 0 0 0 6 6 0 0 24
4 0 0 0 0 0 3 2 36 0 0 1 80 0 0 0 3 2 37 0 0 6 14 0 0 8
3 0 0 0 0 0 3 7 23 0 0 1 79 0 0 0 6 15 0 0 24
2 Ranges_
5 0 0 0 0 0 3 2 38 0 0 1 81 0 0 0 3 2 39 0 0 6 10 0 0 24 1 38 0 0 0
1 0 0 0 0 0 4 0 0 0 0
2 formula_00039
2 0 0 0 0 0 3 2 37 0 0 6 8 0 0 24
3 0 0 0 0 0 1 82 0 0 0 3 2 37 0 0 6 8 1 0 24
2 CompaundStmnt
3 0 0 0 0 0 3 2 34 0 0 3 2 35 0 0 6 42 0 0 24
4 0 0 0 0 0 3 2 34 0 0 6 42 0 0 24 1 6 0 0 0 3 2 35 0 0
2 IfStmnt_
3 0 0 0 0 0 3 7 4 0 0 1 42 0 0 0 6 36 1 0 24
2 0 0 0 0 0 4 0 0 0 0 6 36 0 0 24
5 DefExpr
2 0 0 0 0 0 3 2 45 0 0 6 43 0 0 8
4 0 0 0 0 0 3 6 0 0 0 3 2 46 0 0 1 42 0 0 0 6 7 0 0 8
2 0 0 0 0 0 1 62 0 0 0 3 2 45 0 0
1 0 0 0 0 0 1 47 0 0 0
2 0 0 0 0 0 1 83 0 0 0 3 2 45 0 0
3 _For
2 0 0 0 0 0 3 2 45 0 0 6 43 0 0 8
2 0 0 0 0 0 1 62 0 0 0 3 2 45 0 0
2 0 0 0 0 0 1 83 0 0 0 3 2 45 0 0
2 formula_00044
2 0 0 0 0 0 3 2 45 0 0 6 43 0 0 24
2 0 0 0 0 0 1 19 0 0 0 3 2 45 0 0
2 formula_00045
2 0 0 0 0 0 3 2 37 0 0 6 43 0 0 8
2 0 0 0 0 0 1 83 0 0 0 3 2 37 0 0
2 formula_00046
2 0 0 0 0 0 1 81 0 0 0 6 40 1 0 24
2 0 0 0 0 0 4 0 0 0 0 6 40 0 0 24
10 Statement
6 0 0 0 0 0 3 7 3 0 0 3 2 36 0 0 1 19 0 0 0 3 2 37 0 0 1 42 0 0 0 1 41 0 0 0
8 0 0 0 0 0 3 7 5 0 0 1 42 0 0 0 3 7 2 0 0 3 2 36 0 0 1 19 0 0 0 3 2 37 0 0 3 2 45 0 0 6 33 0 0 24
6 0 0 0 0 0 3 7 2 0 0 3 2 36 0 0 1 19 0 0 0 3 2 37 0 0 1 42 0 0 0 6 34 0 0 24
7 0 0 0 0 0 3 7 1 0 0 3 2 36 0 0 1 43 0 0 0 1 44 0 0 0 1 45 0 0 0 1 42 0 0 0 6 35 0 0 24
3 0 0 0 0 0 3 7 10 0 0 3 2 36 0 0 3 2 37 0 0
4 0 0 0 0 0 3 7 6 0 0 3 6 0 0 0 3 2 45 0 0 6 37 0 0 24
3 0 0 0 0 0 3 7 8 0 0 3 2 45 0 0 6 38 0 0 24
3 0 0 0 0 0 3 7 7 0 0 3 2 45 0 0 6 39 0 0 24
3 0 0 0 0 0 3 7 9 0 0 1 46 0 0 0 3 2 45 0 0
1 0 0 0 0 0 1 40 0 0 0
3 DefFAV
2 0 0 0 0 0 3 2 45 0 0 6 43 0 0 8
6 0 0 0 0 0 1 7 0 0 0 3 6 0 0 0 3 2 36 0 0 6 22 0 0 24 1 8 0 0 0 1 5 0 0 0
2 0 0 0 0 0 1 62 0 0 0 3 2 45 0 0
2 formula_00049
3 0 0 0 0 0 1 48 0 0 0 6 2 0 0 8 1 49 0 0 0
1 0 0 0 0 0 4 0 0 0 0
1 Program
1 0 0 0 0 0 1 51 0 0 0
1 Defines
2 0 0 0 0 0 6 41 0 0 24 1 49 0 0 0
1 DefParType
2 0 0 0 0 0 1 1 0 0 0 3 6 0 0 0
1 DefPar
1 0 0 0 0 0 1 2 0 0 0
1 Assign
2 0 0 0 0 0 1 65 0 0 0 1 22 0 0 0
1 DefArrDA
2 0 0 0 0 0 1 14 0 0 0 1 58 0 0 0
1 DefParams
5 0 0 0 0 0 6 44 0 0 8 1 3 0 0 0 6 2 0 0 8 1 4 0 0 0 6 21 0 0 8
1 AInitial
3 0 0 0 0 0 1 9 0 0 0 6 2 0 0 8 1 10 0 0 0
1 DRanges
1 0 0 0 0 0 1 13 0 0 0
1 DRangeExpr
4 0 0 0 0 0 3 2 38 0 0 1 54 0 0 0 3 2 39 0 0 6 26 0 0 24
1 DefArr
5 0 0 0 0 0 3 6 0 0 0 3 2 38 0 0 6 25 0 0 24 1 55 0 0 0 1 12 0 0 0
1 DefVar
3 0 0 0 0 0 3 6 0 0 0 6 28 0 0 24 1 15 0 0 0
1 Define
4 0 0 0 0 0 1 17 0 0 0 1 16 0 0 0 6 2 0 0 8 1 18 0 0 0
1 ExpressionCondition
2 0 0 0 0 0 1 64 0 0 0 6 1 241 0 8
1 Expressions
3 0 0 0 0 0 1 54 0 0 0 6 17 0 0 24 1 21 0 0 0
1 Question
2 0 0 0 0 0 1 66 0 0 0 1 23 0 0 0
1 OrOr
3 0 0 0 0 0 1 67 0 0 0 6 0 0 129 512 1 24 0 0 0
1 AndAnd
3 0 0 0 0 0 1 68 0 0 0 6 0 0 129 512 1 25 0 0 0
1 Or
3 0 0 0 0 0 1 69 0 0 0 6 0 0 129 512 1 26 0 0 0
1 XOr
3 0 0 0 0 0 1 70 0 0 0 6 0 0 129 512 1 27 0 0 0
1 And
3 0 0 0 0 0 1 71 0 0 0 6 0 0 129 512 1 28 0 0 0
1 Equ
3 0 0 0 0 0 1 72 0 0 0 6 0 0 129 512 1 29 0 0 0
1 Compare
3 0 0 0 0 0 1 73 0 0 0 6 0 0 129 512 1 30 0 0 0
1 Shift
3 0 0 0 0 0 1 74 0 0 0 6 0 0 129 512 1 31 0 0 0
1 Term
3 0 0 0 0 0 1 75 0 0 0 6 0 0 129 512 1 32 0 0 0
1 Factor
3 0 0 0 0 0 1 76 0 0 0 6 0 0 129 512 1 33 0 0 0
1 Unary
1 0 0 0 0 0 1 36 0 0 0
1 Ranges
5 0 0 0 0 0 6 9 0 0 24 1 81 0 0 0 3 2 39 0 0 6 10 0 0 24 1 38 0 0 0
1 CallParams
1 0 0 0 0 0 1 39 0 0 0
1 Primary
4 0 0 0 0 0 3 2 36 0 0 1 80 0 0 0 3 2 37 0 0 6 14 0 0 8
1 ExpressionNone
2 0 0 0 0 0 1 64 0 0 0 6 1 0 0 8
1 ExpressionValue
2 0 0 0 0 0 1 64 0 0 0 6 1 256 0 8
1 ExpressionValueList
2 0 0 0 0 0 1 64 0 0 0 6 1 512 0 8
1 ExpressionExpression
2 0 0 0 0 0 1 64 0 0 0 6 1 16 0 8
0
